2.19444
 -3.56549
 4.80105
 -3.87756
 2.10525
 -1.54625
 4.68772
 -4.0083
 0.138059
 -2.36867
 3.44306
 -2.94565
 -1.1595
 2.69703
 -0.462406
 -0.931696
 -0.774904
 0.279119
 -0.0867048
 -2.10356
 -0.269943
 2.10437
 -0.654668
 -1.79461
 1.39969
 -6.524
 3.71323
 2.6866
 0.447489
 -6.60897
 0.877232
 -0.53303
 2.21479
 -5.45512
 3.62607
 1.67732
 -1.08654
 0.452508
 -2.38181
 -1.19087
 -1.31082
 1.78895
 -0.586059
 -1.99968
 0.917333
 0.270994
 -2.50615
 0.160973
 -0.862484
 -0.605784
 -2.14513
 -0.726136
 -2.54005
 -0.487014
 -1.66009
 1.0651
 -1.28415
 0.109593
 -1.58157
 1.19532
 0.266848
 -0.30955
 1.34902
 -3.14038
 0.0850914
 0.778888
 -0.90153
 -1.46182
 0.164326
 0.634347
 1.16812
 -3.62969
 -2.12293
 3.16948
 2.45939
 1.61158
 -2.07598
 0.42488
 2.55061
 2.80227
 -1.26596
 -1.90277
 2.48132
 -0.900093
 -1.94354
 2.66584
 -1.20517
 -3.21539
 -0.97812
 3.37585
 -2.33676
 -1.23144
 1.2817
 1.83462
 -2.59824
 -0.0678531
 -1.63136
 0.655073
 0.635465
 -1.9954
 -0.74384
 1.68922
 -1.24989
 -0.723359
 0.217803
 -0.00962912
 -1.40644
 -0.0226534
 0.0528173
 -0.994764
 4.54304
 -2.30614
 -1.11382
 -3.33658
 1.27545
 -1.60888
 -1.02662
 0.421731
 5.69218
 -3.1385
 2.19775
 -3.34528
 -0.919949
 -0.854904
 3.55248
 -2.04416
 -0.467651
 -4.24495
 3.35969
 -0.180284
 -1.15383
 -2.93034
 -2.18219
 0.628935
 -2.98299
 2.4483
 -2.48332
 -0.267532
 -1.57131
 1.23751
 -1.84135
 0.591708
 -1.41204
 3.77296
 -0.280194
 1.13622
 -2.49023
 -1.98006
 -0.971571
 1.88811
 -0.705832
 -2.07115
 -0.0026701
 1.52867
 -1.98803
 -0.399346
 -0.983194
 0.368181
 3.20491
 1.10244
 -1.74545
 0.00794369
 3.29856
 1.1291
 -1.93362
 0.554563
 3.66551
 -0.988403
 -2.42482
 5.14523
 2.93814
 -1.61321
 -0.779081
 2.85425
 3.27135
 0.497049
 -1.2098
 3.0694
 2.51933
 -0.909187
 -0.602801
 -1.3107
 1.76681
 -1.79144
 -0.789086
 -0.908677
 -0.475892
 -1.78321
 1.10888
 -0.2271
 1.94587
 -1.05031
 -3.74676
 -0.28618
 8.8228
 2.61054
 -5.0173
 -2.97996
 4.67796
 -1.83036
 -4.76057
 -0.415351
 4.58973
 -1.373
 1.2594
 -1.58331
 -0.324002
 -1.84878
 1.56196
 0.033418
 -0.326304
 -2.63177
 1.57818
 -0.71458
 0.9039
 -4.5621
 -0.236122
 1.20655
 4.17604
 0.0250581
 0.749158
 0.997677
 2.7943
 -0.699665
 0.940118
 0.785866
 4.63096
 -3.33054
 3.69281
 -1.72658
 -3.12566
 -2.68184
 6.22637
 -0.646573
 -0.416589
 -1.11589
 7.76627
 -2.61131
 -4.50267
 -5.30445
 -0.556678
 1.50908
 -1.83737
 -1.20212
 -1.16435
 0.561503
 -3.25727
 -1.3012
 0.499558
 -1.01543
 -1.7494
 0.264374
 -1.14739
 1.81499
 -4.03516
 -0.981156
 -2.33566
 -0.674976
 -4.14008
 0.948255
 -0.846978
 -0.00366433
 -4.01551
 1.30278
 2.24393
 -4.22343
 -1.89488
 -0.0935042
 1.44886
 -2.176
 -1.60998
 -2.7016
 3.23989
 -0.642101
 -2.49386
 -2.48036
 -1.97942
 -0.924576
 -3.54035
 -0.312537
 -1.01066
 -2.00501
 -2.56174
 1.71725
 -1.75198
 -0.842993
 -3.56761
 1.77092
 -1.81335
 2.93357
 -0.825581
 -1.9509
 0.800987
 1.93468
 -0.0275553
 -3.09296
 1.39578
 1.75349
 -2.05072
 -4.06184
 -2.9346
 5.09184
 -0.900845
 0.199855
 -2.58685
 3.22526
 -2.85218
 2.77399
 -2.8414
 1.73428
 -1.09771
 1.44697
 -1.40133
 2.63382
 -0.467857
 0.312972
 -3.43074
 0.585398
 -1.93845
 1.53609
 -1.76525
 1.6421
 0.026271
 0.534502
 0.347279
 -0.157632
 -3.33372
 -1.03377
 0.595409
 0.725956
 -0.91411
 -1.27707
 2.11724
 -0.213172
 -3.26347
 -2.52105
 -0.882455
 -2.213
 -1.33008
 0.0431481
 0.104231
 -1.59233
 -0.938151
 -0.852048
 0.322856
 0.44305
 -1.93623
 -0.314565
 -4.55732
 6.00814
 -2.67306
 3.37464
 -3.88612
 3.46852
 -1.24468
 5.49407
 -4.244
 0.341822
 -2.257
 2.15199
 -1.3805
 0.948585
 -1.79201
 -2.52136
 -0.5239
 1.95172
 -0.129529
 -0.167573
 1.21791
 0.920986
 -0.495261
 -2.22175
 -1.88223
 -1.56339
 -1.82078
 -0.117269
 -0.506637
 -1.46991
 -2.67422
 1.20858
 -0.494655
 -1.09354
 -1.82448
 0.529586
 -1.31905
 8.94465
 -4.73109
 -3.84788
 -1.82955
 6.53474
 -4.08014
 0.489891
 -1.96784
 5.55033
 -4.44515
 -0.900412
 0.189889
 -0.638394
 0.675381
 -0.93312
 0.364796
 -1.33183
 -0.262785
 -2.57111
 -0.191266
 -1.24107
 -0.624955
 -0.183883
 -2.91169
 1.22341
 -1.44651
 -1.41318
 -1.25168
 2.46018
 1.62585
 2.03229
 -2.03989
 1.58646
 1.39589
 2.74263
 -0.197983
 -5.73038
 14.5108
 -2.61516
 -2.18365
 -10.1729
 7.94747
 -4.88305
 -0.738359
 -5.73295
 13.2496
 -1.96581
 -0.407129
 -4.01872
 13.0153
 -2.57784
 -1.10082
 -8.82708
 7.39331
 -6.07362
 -0.0685192
 -2.41893
 12.2868
 -5.23435
 1.28697
 -6.36495
 -4.41095
 3.65868
 1.33764
 -4.72024
 -3.99222
 1.24571
 0.507008
 -4.58133
 -2.20992
 -0.448692
 -0.867083
 2.95958
 -1.92229
 -1.80899
 -2.43663
 0.964106
 -0.536983
 1.48918
 -1.53718
 0.228843
 -2.2612
 1.17464
 -0.277123
 1.0507
 0.115835
 -2.97704
 -1.14933
 2.58286
 0.270934
 -2.28818
 1.20325
 0.445081
 -1.31592
 -2.46408
 -1.78265
 0.94842
 -0.683973
 -2.03765
 0.656019
 0.248427
 -0.985568
 -0.875991
 0.188188
 0.937498
 0.513485
 -1.47797
 0.0750648
 -2.5756
 6.38369
 -3.13772
 2.33519
 -2.72082
 3.50447
 -4.05896
 1.38803
 -2.71207
 5.96372
 -4.08483
 -1.72501
 3.31578
 -0.419882
 -0.120632
 -2.00856
 2.1336
 1.03716
 0.309617
 -2.0821
 0.779475
 0.00539483
 0.334519
 0.578426
 0.804307
 -2.40527
 1.18812
 1.44955
 -0.682408
 -3.36147
 0.183202
 0.665916
 -0.566112
 -2.72672
 -4.23868
 -0.499946
 2.30781
 -0.740352
 -0.162789
 -2.27706
 -0.00362058
 -2.46856
 0.430824
 -1.03155
 -0.156263
 -2.78399
 -0.746256
 2.5086
 -3.53675
 -0.530341
 -1.59789
 3.73889
 -1.66394
 0.777178
 -3.09744
 4.72938
 -3.13869
 -0.830582
 -4.32741
 -1.12959
 2.46849
 -1.22964
 -1.3039
 -2.18238
 0.639594
 -1.94059
 0.0914437
 -2.3444
 0.792399
 -3.09745
 3.15967
 -1.15807
 0.114456
 2.8576
 -1.14464
 -1.41889
 -0.773546
 1.83197
 -2.67847
 -0.153458
 1.42804
 3.49089
 -3.17207
 0.0305837
 1.25212
 -2.99575
 -0.52465
 -0.337914
 2.20319
 -2.47434
 -2.33288
 1.76168
 1.00823
 -1.4351
 -4.5543
 0.804623
 -1.34842
 -2.17736
 1.03145
 -1.30439
 -1.34678
 -2.18581
 0.628784
 -0.786807
 -0.690762
 -0.468182
 -1.80191
 -7.02542
 0.49197
 6.65919
 3.24586
 -4.74205
 -2.68852
 3.43214
 0.811772
 -6.27008
 1.47279
 7.45746
 -0.653525
 -2.39799
 2.31577
 -0.576948
 1.99788
 -4.10686
 0.874501
 -0.324462
 2.94047
 -3.29896
 -0.212429
 1.15392
 2.87651
 -0.102417
 5.52783
 -13.8079
 2.93743
 -0.566459
 10.0164
 -8.25177
 5.66318
 -0.222971
 4.10695
 -12.4601
 4.45101
 -1.70248
 4.02849
 -2.90842
 -3.14953
 -0.403381
 4.09762
 -1.28406
 -1.80283
 2.06424
 1.5181
 -1.77324
 -2.45962
 -1.9651
 3.21068
 -1.42248
 -0.428495
 -2.09557
 1.62719
 -2.59014
 -0.49489
 -1.23406
 2.26241
 -2.59942
 2.12171
 0.182068
 -1.56512
 1.03318
 2.1628
 -0.864552
 -1.46754
 0.829141
 2.37091
 -0.989318
 -1.23737
 0.00252335
 2.78332
 -0.0392389
 -0.85699
 4.60776
 -2.36197
 -0.119009
 -2.99501
 1.21052
 -4.25437
 0.0162935
 -1.01547
 5.96905
 -1.53863
 -1.85051
 2.219
 -2.45593
 -0.48284
 -1.68403
 1.80666
 0.111498
 0.0725567
 -0.660754
 -0.0168532
 -1.78481
 1.04959
 -1.98779
 -0.633891
 3.95974
 -2.90729
 -0.0575079
 -1.00119
 0.974062
 -2.24356
 0.929992
 -0.813462
 4.4496
 -1.01421
 1.10742
 4.04601
 -4.22232
 -1.60391
 -0.634661
 4.59219
 -3.4009
 -1.16602
 -0.0916608
 2.697
 -3.45579
 -2.85774
 0.92393
 -0.377054
 -0.0966721
 -1.31714
 -1.1575
 -1.77366
 0.505059
 -0.731201
 -1.59468
 -1.83797
 -0.631393
 -1.00344
 -0.831612
 0.890152
 1.11834
 -2.07302
 -2.78722
 -0.980009
 1.95779
 1.64414
 -0.189177
 -2.41599
 1.20549
 -1.39674
 -1.33017
 -1.817
 -2.23143
 0.00852382
 -1.50596
 0.20956
 -1.48472
 -1.92584
 -0.441704
 0.223156
 0.837005
 -2.9541
 -2.51826
 -0.0252487
 -1.97977
 -1.23556
 -2.04243
 0.505138
 0.462586
 -1.225
 -2.09421
 0.446885
 -1.399
 -1.64724
 0.236025
 0.191442
 -2.44295
 0.0106532
 1.09363
 -0.0281841
 -2.00485
 0.814715
 -1.97021
 0.172814
 -1.36025
 0.868455
 -2.78957
 -0.114659
 0.609989
 0.257966
 0.00842143
 -2.18982
 -0.370816
 0.427383
 -1.60013
 -1.14131
 -0.601135
 2.91888
 -0.723174
 -2.06175
 -3.16784
 -1.75737
 -0.894327
 -1.42043
 -1.36794
 -1.09566
 0.993275
 1.31977
 -0.321315
 0.957445
 -1.89346
 1.39612
 1.45009
 0.186013
 1.18435
 2.25892
 -0.613407
 0.735864
 1.5827
 -0.812536
 -0.537087
 -3.50859
 -4.31157
 1.80271
 0.15149
 -1.75687
 -0.38511
 -3.17737
 -1.53808
 2.97548
 0.0984943
 -0.436959
 0.232242
 -2.86807
 0.880873
 0.0217899
 -0.954477
 0.897252
 3.94415
 -0.622359
 1.63181
 1.36058
 -2.40933
 0.259949
 -3.06284
 2.30359
 0.332392
 -0.665989
 0.354504
 -1.60853
 -0.964068
 -1.37624
 2.47331
 -0.954058
 -2.21473
 -0.0107673
 -1.35051
 0.856
 -2.77827
 1.22269
 3.16989
 -0.770493
 1.32409
 -0.353256
 0.631819
 -3.37668
 -2.05727
 -1.32504
 -1.74334
 -1.54301
 -2.69561
 1.29779
 0.368294
 -2.87762
 -1.0958
 -0.125608
 -1.11613
 -1.82921
 -1.72844
 -0.214191
 0.707326
 3.24543
 2.51638
 -3.00888
 0.0630527
 -1.45855
 -0.926534
 -0.178082
 0.348594
 -2.88643
 -0.309776
 -1.02112
 0.591457
 0.132066
 -3.08134
 -0.53263
 2.93906
 1.67576
 -3.10347
 -2.97507
 -0.998544
 1.46572
 0.159004
 -1.09751
 -0.486128
 -2.96968
 -1.13248
 0.340812
 0.423981
 0.652261
 -1.04458
 0.43511
 -0.504929
 0.516973
 -0.128973
 -0.737829
 -0.799391
 0.497348
 0.533081
 -0.42187
 -0.39261
 0.524971
 -0.747316
 -1.06107
 -0.792781
 1.12412
 0.0421215
 -0.236544
 -0.942696
 -0.271458
 -0.583835
 -0.596472
 -0.243576
 0.0190063
 0.87922
 1.03256
 0.88218
 0.522917
 0.535341
 -0.530212
 -0.905307
 -1.01577
 -0.42209
 -1.24837
 -0.958016
 0.111159
 -0.113496
 0.839772
 -0.124166
 -1.16979
 -0.90749
 -1.05214
 0.702668
 -0.553325
 -0.376573
 -0.309426
 0.621628
 0.410329
 -0.15021
 1.06631
 -0.982579
 -0.0954831
 0.808755
 0.860627
 -0.489821
 0.762208
 -1.43319
 -1.09036
 -0.479055
 -0.792186
 0.417776
 -0.732821
 0.32639
 -0.224581
 0.688668
 -1.15222
 0.473136
 0.195568
 -0.668731
 0.289621
 0.681385
 -1.45256
 -1.59255
 -1.24257
 1.22549
 -0.220747
 0.260475
 -0.360873
 -0.645333
 -0.0349724
 0.315818
 -0.709666
 -0.712467
 0.222767
 0.0907302
 -0.780875
 -0.22973
 -0.913294
 -0.506465
 -1.17711
 1.04386
 -1.5846
 -1.08131
 -0.889696
 -0.283019
 0.528634
 0.222802
 -0.0873532
 0.712246
 -1.53084
 0.387443
 0.244663
 -1.18783
 -0.421009
 -1.29107
 -0.127318
 -1.3975
 0.173664
 1.32844
 -0.511449
 0.535263
 -0.797009
 -1.05267
 -0.968531
 -1.4978
 0.662275
 -0.711093
 0.851969
 -1.02206
 -0.85366
 0.908151
 -0.459184
 0.9206
 0.552078
 -0.935988
 -0.158873
 -0.708479
 -0.959687
 0.325559
 -0.976655
 -0.0634117
 -0.848227
 0.525589
 0.0209916
 1.00002
 -0.341963
 0.567173
 -0.86252
 -0.0716794
 0.242564
 0.965387
 -0.424408
 0.25139
 -0.370578
 -0.541049
 -0.766554
 0.233151
 0.470475
 -0.905059
 -0.146922
 -1.13118
 -1.13195
 1.01367
 -0.252488
 -0.637658
 -0.896822
 -0.793872
 -0.881931
 0.772584
 -1.09556
 -0.191699
 -1.0717
 0.126194
 -0.785404
 0.703767
 0.886434
 -1.07836
 -1.08256
 0.749933
 0.67119
 0.622411
 0.29728
 -1.04115
 -1.24932
 0.211882
 -1.27407
 -0.273558
 -1.19707
 0.571567
 0.357972
 -0.154342
 -1.07302
 -0.942561
 -1.07076
 -0.939094
 0.158271
 -0.682512
 -0.0436974
 0.788828
 0.700141
 0.266477
 -0.835873
 -0.640984
 0.779591
 -1.1038
 -0.3172
 -1.20615
 0.844586
 -1.06246
 0.12128
 -1.04273
 -1.31033
 0.703248
 0.628422
 0.197647
 -1.17143
 0.315886
 -0.690595
 -0.259128
 -1.14256
 -0.932229
 0.810934
 -0.274315
 -0.781461
 0.411599
 -0.170047
 -0.351833
 -0.241236
 -1.14397
 -0.370729
 0.278218
 1.13905
 0.982285
 0.33701
 0.608234
 -1.16953
 -1.08953
 -0.0239271
 0.788086
 -0.744257
 -1.09829
 0.163683
 0.691749
 0.042821
 0.434531
 -1.09661
 2.06319
 -1.26695
 2.75879
 -2.61455
 0.12887
 0.556913
 -0.620904
 -2.77079
 -1.18677
 1.4499
 0.731629
 -0.694063
 -0.903242
 -0.153732
 -0.986475
 0.65081
 1.27548
 0.592784
 -0.021146
 -1.48053
 -1.54603
 -2.07173
 -0.927126
 -0.904099
 -1.97125
 -0.506913
 -0.534528
 -1.23749
 -0.405461
 -0.609055
 -1.64495
 -1.67738
 -3.89465
 0.247308
 -1.15655
 4.09661
 3.82434
 -1.51902
 -2.03104
 -2.00276
 -1.91969
 2.47292
 -0.74688
 -2.77789
 -1.21172
 1.24129
 -0.718602
 0.449055
 -1.60979
 0.0641052
 1.37549
 -1.03473
 -4.18977
 -2.30873
 -0.883223
 0.109192
 1.36895
 -0.286456
 0.344497
 -3.24043
 1.07771
 1.55944
 -1.71035
 0.268959
 0.608531
 -0.241904
 -0.787109
 1.63001
 0.277755
 0.304069
 -0.460406
 -1.38474
 0.875282
 0.569582
 -0.175768
 1.02588
 0.0947387
 1.23527
 1.06732
 0.472241
 0.648718
 -0.954215
 -0.754288
 -0.873379
 1.43817
 -0.127538
 0.665891
 -0.597066
 0.92049
 -1.23253
 1.66952
 -0.432209
 0.428991
 -0.29047
 -0.99435
 -0.917734
 -0.106825
 -0.350321
 -0.922074
 1.43999
 1.47766
 -0.467732
 1.2966
 1.13928
 -0.733163
 -0.748171
 -0.870902
 -0.17879
 1.32903
 -0.572487
 -0.503695
 -1.11974
 -1.45178
 1.62621
 -0.442512
 -1.97444
 1.40092
 -1.1294
 -0.676856
 1.30611
 -0.710067
 0.714151
 -1.32948
 0.793529
 -0.145845
 -0.993047
 0.295196
 -0.961768
 0.455556
 -0.858919
 0.0080916
 -0.480973
 0.359747
 -0.106619
 0.198009
 0.0719864
 -1.25656
 0.626333
 0.348516
 -0.802643
 0.594223
 0.450933
 0.761244
 0.704323
 0.759396
 -0.496977
 -0.609434
 0.661296
 -1.02412
 -0.740263
 -1.10769
 0.166232
 0.358871
 0.789052
 -0.393205
 -0.226138
 0.45981
 0.00629584
 -0.0748446
 -1.1612
 -0.918188
 -0.954912
 0.938289
 -1.01566
 0.931474
 -0.178868
 0.94969
 0.787824
 -0.66413
 -0.13834
 -0.777613
 0.122304
 -0.70143
 0.60712
 -0.778038
 -0.280531
 -0.106392
 0.734877
 -1.17427
 -0.298168
 0.759701
 -0.693091
 -0.885311
 0.670029
 -0.803507
 0.810132
 -0.974858
 -0.77981
 -0.970758
 0.691073
 -1.00355
 -0.946351
 0.151521
 -0.68393
 0.224983
 0.503242
 -0.585619
 0.820158
 -1.0307
 -1.02136
 0.870581
 -0.81438
 0.985682
 -0.938578
 -0.372854
 -0.70702
 -0.667218
 0.45876
 -0.30722
 0.841114
 -0.0537098
 0.486668
 -0.993545
 -1.00619
 -0.554453
 0.444059
 -1.01273
 0.0607377
 0.327242
 -0.799401
 0.545288
 -0.521569
 -0.653293
 -0.885697
 -0.790127
 -1.01105
 0.981126
 0.880715
 -0.849445
 0.579423
 -0.576068
 0.0386238
 -0.756414
 -0.29083
 -0.501266
 0.382181
 0.659355
 -0.92467
 -0.510795
 -0.995785
 0.19274
 0.739913
 -1.33112
 0.116922
 1.6576
 0.418725
 -1.61743
 1.59682
 1.30773
 -0.353724
 0.571822
 -0.541099
 0.498554
 -1.66478
 0.179089
 -0.422572
 0.703918
 0.145041
 -1.90163
 0.621077
 0.35448
 1.15173
 -1.06354
 1.75103
 -0.205317
 -0.697815
 -0.250221
 -0.436556
 -0.487037
 0.754392
 -0.347392
 1.44195
 0.967649
 -0.0982397
 0.377015
 0.811079
 0.589122
 -1.16037
 0.0377858
 0.790513
 0.176987
 0.755549
 -0.445154
 -0.381059
 -0.468872
 -0.857886
 0.889504
 -0.389691
 0.722728
 0.835816
 -0.912252
 -1.02151
 0.485952
 -0.400475
 -0.633024
 -0.689809
 -0.721182
 0.605167
 0.0526142
 -0.891093
 0.75789
 -0.111627
 -1.04739
 -0.55581
 -0.631081
 0.609678
 -0.422281
 0.619742
 -0.348357
 -0.0238158
 -0.0227728
 0.727689
 -0.861874
 0.656606
 -0.993419
 0.691106
 0.80913
 -1.24317
 0.458523
 -0.0605933
 -1.02264
 0.524142
 -1.67756
 -0.113675
 0.828986
 1.14527
 1.01285
 -1.55525
 -1.01039
 1.16261
 0.061103
 -1.04985
 -0.529709
 0.551203
 -0.0175676
 0.300087
 0.958143
 -1.19542
 0.887771
 1.04359
 0.0935783
 -0.846424
 1.06054
 0.346294
 1.06367
 -0.666169
 1.11894
 0.840605
 0.793132
 -0.865081
 -0.637153
 -0.716205
 0.253802
 0.041153
 1.00898
 -0.150263
 -0.505754
 0.642749
 0.777175
 0.542156
 0.323178
 -0.620752
 -0.340402
 0.478739
 -0.135391
 -1.00086
 -1.41285
 0.434101
 -0.991183
 -1.0772
 -0.521902
 -0.413472
 0.63906
 0.25481
 -1.61471
 0.725876
 -1.31299
 -1.12129
 -1.97843
 -0.964399
 -0.657371
 -0.533088
 0.574837
 -0.786043
 -0.669093
 0.304414
 0.11908
 -0.98404
 0.930366
 -1.5853
 0.798469
 -0.725981
 0.320233
 0.880326
 0.216781
 -1.20108
 -1.2172
 0.944145
 0.952462
 -0.503916
 -0.994689
 -0.439425
 0.519353
 0.267019
 0.527755
 0.586475
 1.04261
 0.717517
 -0.805445
 -0.899054
 -0.301208
 -0.673217
 0.681582
 0.415483
 0.483822
 0.702096
 -0.298293
 -0.871192
 -0.976956
 0.169403
 -0.553448
 0.198264
 0.844516
 0.138117
 0.940528
 -0.811785
 -1.6826
 0.523704
 0.454055
 -0.908676
 -0.832261
 0.967195
 1.73835
 -1.74106
 -2.4246
 0.368455
 -1.39163
 -1.17487
 -2.49972
 1.10535
 1.69825
 2.13983
 1.28729
 2.46608
 -0.149217
 0.912033
 1.36121
 0.161154
 1.93814
 -0.47801
 0.971761
 2.12207
 0.0533313
 0.125028
 -0.715742
 -1.54085
 -1.10484
 2.54969
 0.989084
 1.10123
 0.0266004
 -0.935232
 -1.22535
 1.58664
 1.87472
 -0.504756
 0.778678
 -0.489362
 1.22547
 0.362318
 -2.12038
 -0.750322
 0.440448
 0.622132
 -0.373964
 -1.09808
 0.650017
 1.02131
 0.0445074
 0.623978
 -1.11763
 -0.163749
 -0.885266
 0.312838
 0.0381326
 0.478159
 1.17062
 -1.013
 -0.753938
 -0.304033
 -2.94122
 0.248401
 -0.409034
 -0.0954222
 0.480627
 -1.31501
 1.11137
 -1.14614
 0.951703
 -3.74063
 -1.54655
 0.0143972
 -2.96302
 -0.17692
 -1.85223
 1.45575
 -0.117311
 -2.39382
 -1.91286
 0.33571
 -0.0195412
 -0.0480939
 -0.0909879
 -1.4454
 0.0214482
 1.59269
 0.771927
 -1.39663
 0.367377
 -1.6537
 -0.544126
 -1.24665
 0.888847
 0.472488
 0.474377
 -3.36187
 -0.253505
 0.831735
 0.0140732
 -0.480298
 2.65952
 1.87875
 -2.53484
 -1.62709
 0.180624
 -0.931247
 1.32466
 0.0379503
 -0.372258
 -1.07618
 0.485723
 0.352809
 0.338172
 -1.1582
 0.0433252
 -1.0907
 0.131525
 -1.19118
 0.333322
 -1.08831
 -1.41386
 -0.943323
 -1.1049
 0.219489
 -0.0608812
 -1.10635
 0.0144747
 0.461539
 -0.223446
 -1.42622
 -1.18587
 0.806693
 -0.876922
 -0.824074
 0.785967
 0.695938
 0.0122588
 -0.99269
 -0.51251
 -0.0214919
 0.677873
 -1.05856
 -0.782179
 0.73106
 -1.02348
 -0.591835
 -1.32764
 -0.319695
 -1.14025
 -0.297242
 0.0181079
 0.453327
 0.669321
 0.0140867
 -1.13683
 0.39928
 -0.986927
 0.730076
 0.064476
 0.378527
 0.558566
 1.14382
 0.676838
 -0.0839569
 -1.22068
 -0.742862
 -1.0804
 0.298437
 -0.573094
 -1.30526
 2.51492
 -1.68261
 1.04034
 -1.67495
 -0.0161672
 -0.347357
 0.103602
 -1.51249
 -0.872995
 1.40953
 1.09826
 -2.60568
 -2.48051
 1.25584
 -1.10633
 0.958446
 2.0706
 1.23491
 -1.80678
 -1.30889
 -1.77677
 -1.55253
 -1.03069
 -1.27061
 -1.65099
 -2.12309
 -1.57693
 -1.00727
 -2.00002
 -2.19488
 -1.6245
 0.0959996
 -2.73234
 0.183527
 0.519101
 4.37071
 3.44187
 -2.06537
 -0.417369
 0.267771
 0.282018
 2.39735
 -0.826778
 -2.81345
 -0.533177
 1.41511
 -1.35316
 1.05538
 -2.38697
 -0.701216
 1.69543
 -1.18371
 -3.99273
 -1.896
 -2.74363
 0.302969
 0.84355
 -1.82486
 1.47494
 -2.36227
 -0.986181
 -0.0602551
 -1.41016
 -1.99573
 -0.612862
 -1.49989
 1.29161
 -0.786191
 -1.438
 -1.55193
 -2.72511
 0.35639
 -1.50394
 1.11569
 1.49441
 -1.35889
 0.352849
 -0.660135
 0.875372
 -2.10444
 -1.27553
 -2.14602
 -2.42521
 -2.70668
 -2.03032
 1.46704
 -0.735753
 -2.47998
 -1.27855
 1.35735
 -1.26762
 -2.27225
 1.34001
 -1.28193
 1.83524
 0.951022
 0.167706
 -4.05727
 -1.16999
 -1.06389
 -2.00653
 -1.11294
 0.827928
 -2.27962
 -0.299418
 -3.0112
 0.121356
 -0.478404
 -2.44726
 -0.965499
 0.791905
 -0.0755145
 -0.99512
 -1.387
 1.1783
 0.847637
 -1.57893
 0.57607
 -0.657231
 -0.493798
 2.64822
 0.0498087
 1.73598
 0.594249
 0.531462
 2.11214
 -3.93982
 0.55678
 -0.830635
 0.401346
 4.66368
 -0.135514
 1.24412
 -0.909615
 -2.20227
 1.7364
 -1.26728
 3.00657
 -0.657304
 4.60046
 -0.635383
 -1.93819
 4.099
 -0.870996
 0.0495849
 -3.99672
 -1.12124
 1.30606
 1.66445
 -6.42542
 0.593626
 0.0805333
 -2.21325
 1.96065
 -0.736556
 -0.924205
 0.360816
 2.38729
 -1.54609
 -0.067698
 0.945128
 2.96573
 -2.59675
 -1.33234
 -1.97439
 4.40067
 -1.29841
 1.41281
 -0.69451
 -1.2911
 -2.64462
 -3.56711
 -0.412658
 -0.576511
 -0.925108
 -1.14924
 1.47006
 -0.624881
 0.879848
 -0.531183
 -0.146153
 -0.623787
 1.26471
 -2.97776
 -1.36732
 -2.31008
 2.5524
 -1.24102
 -1.1837
 -0.0326053
 -1.95591
 0.830081
 -1.1304
 2.70087
 2.62105
 -2.0886
 0.783978
 -2.10292
 1.62239
 -1.28927
 -2.5128
 -1.57192
 -1.63855
 -2.70249
 -1.68459
 0.0122073
 0.439957
 -2.1677
 -1.16973
 1.44825
 -1.77857
 -1.29039
 -2.07352
 -1.81254
 2.00694
 0.201205
 1.4756
 -3.29575
 -2.03235
 -2.13396
 -1.43263
 -1.14774
 -0.0504205
 -1.28166
 -0.653709
 -2.08056
 -1.56385
 -1.35518
 -3.17938
 -2.82874
 1.41592
 0.958701
 -1.96166
 -1.15104
 -0.788803
 1.01099
 0.257332
 0.530505
 0.6174
 -1.54122
 1.67863
 -0.390057
 0.323412
 -0.409601
 0.909258
 -0.0810075
 -1.91317
 -0.352956
 1.28598
 1.10043
 0.647733
 -1.1838
 -0.8038
 -1.05665
 -1.1539
 -0.181349
 -0.205167
 0.371392
 -1.89412
 0.439188
 1.03941
 -0.297708
 0.560752
 0.539708
 0.381497
 -1.82793
 -0.113315
 -0.838187
 1.46274
 -1.16788
 0.83788
 1.53283
 -0.472842
 1.61529
 -2.02357
 -0.0689915
 -0.601736
 2.02197
 -1.06188
 1.16334
 1.60055
 0.448329
 -0.392054
 0.0292429
 0.0466463
 -0.24873
 0.690963
 -0.621215
 0.68242
 -0.450673
 -0.702647
 -0.575484
 -1.19941
 0.629897
 -0.140038
 -0.974304
 1.24051
 -1.63824
 -0.378195
 -1.23047
 0.307094
 -0.237757
 0.108354
 -0.334101
 -0.660557
 -0.889201
 -0.831651
 1.07182
 0.927166
 0.137228
 -0.904969
 -0.637001
 -0.911748
 -0.556907
 0.313952
 1.01429
 0.839049
 -0.974829
 -0.105319
 1.17354
 -0.318118
 1.04273
 -0.829038
 -0.948993
 0.119297
 -0.0404912
 0.208346
 0.581323
 -0.0806234
 0.134464
 -0.880108
 1.01922
 -0.062497
 -0.384273
 -0.450143
 -0.937431
 0.354469
 -0.840528
 -0.02919
 0.0630314
 -0.872602
 -0.947522
 -0.914416
 -0.915454
 -0.51496
 0.216169
 0.0405878
 0.528155
 0.804484
 -0.972109
 -0.501713
 -0.899385
 -0.670831
 0.187115
 1.12274
 -0.814496
 -0.893387
 -0.018169
 -0.0982398
 -0.909906
 0.791714
 0.437106
 2.75068
 0.862379
 0.0801554
 1.24642
 1.23148
 0.830499
 0.0423986
 0.960114
 2.85371
 -1.03547
 -0.542701
 -0.770216
 -2.34201
 1.7663
 -1.16345
 2.23318
 -0.209367
 2.68097
 0.793815
 0.106978
 1.42281
 1.07602
 1.47063
 -0.790205
 0.382549
 1.32531
 0.762956
 -1.21586
 2.0056
 1.39443
 -2.5437
 1.72934
 0.15888
 -0.954286
 0.836748
 3.14929
 0.623268
 1.86939
 1.75802
 0.26583
 0.19512
 0.821034
 -0.0253735
 3.2476
 -1.31452
 0.869707
 0.992446
 1.82279
 -0.359241
 -1.44029
 0.990943
 1.29505
 -0.278511
 1.15966
 0.320757
 0.176485
 2.05863
 0.282997
 1.28129
 -0.292795
 0.232166
 0.828246
 1.78224
 1.07716
 -0.269444
 -0.163885
 -0.097165
 0.861368
 -0.900842
 0.805085
 1.31173
 -0.486087
 -1.44307
 -0.623866
 -0.948897
 0.832338
 -2.86708
 -2.04868
 -0.102892
 2.11899
 -0.560049
 0.714291
 1.19675
 -0.015303
 1.14839
 0.724766
 1.76891
 0.0907664
 1.3694
 2.18651
 1.49328
 -0.0461147
 -1.45471
 -0.361965
 -1.31931
 2.41971
 0.44192
 1.15345
 1.04737
 -0.763583
 -0.90585
 -0.0582283
 1.99004
 -0.957928
 -0.0368574
 0.548474
 1.246
 1.8635
 -0.68349
 -0.31443
 -0.945475
 -0.753241
 0.752052
 -1.94556
 -0.283454
 -1.03181
 -0.66746
 -1.09611
 0.85081
 -0.599224
 -0.21845
 1.02491
 -0.734903
 1.58561
 -0.707198
 0.85624
 0.520742
 -0.135715
 0.157619
 -1.31502
 -0.0925564
 -1.95814
 -1.18736
 0.985479
 0.394026
 0.746759
 0.0412886
 -1.24364
 0.970139
 0.232192
 0.975157
 -0.568407
 0.347484
 -1.44844
 -0.248457
 1.39189
 0.694666
 -1.69211
 0.354914
 -0.617289
 -1.00906
 1.31239
 -1.84115
 0.979935
 0.00352805
 0.48258
 -0.28506
 0.316305
 0.257386
 -0.154471
 -0.856098
 0.438894
 -1.0385
 1.17397
 -0.97916
 0.629587
 0.770501
 0.94672
 0.865919
 -0.786782
 -1.58871
 -0.00811236
 -1.46071
 -1.05341
 1.25087
 -1.3558
 -0.978778
 0.245738
 -1.00385
 0.950197
 -0.751117
 -0.729888
 -1.1004
 0.0375119
 0.759785
 -0.0253422
 0.0992035
 0.0302378
 -0.193511
 -1.15768
 0.662673
 -1.07642
 -0.849093
 -1.10714
 -0.972879
 0.792252
 0.202183
 0.829404
 0.903056
 -0.584313
 -1.04111
 -0.382223
 -0.595113
 -0.706583
 0.43537
 0.635602
 0.920734
 -0.100353
 0.361402
 0.715993
 0.178369
 -0.126449
 -1.04447
 0.082404
 0.859252
 -0.301277
 -0.240113
 0.744716
 0.423049
 0.458725
 0.88541
 0.915223
 -0.866191
 -1.06502
 0.349909
 -0.993703
 -0.903919
 0.944214
 0.266471
 -1.04172
 -0.223016
 -0.8965
 -1.1162
 -1.04325
 0.900107
 0.238967
 -0.957894
 -0.984077
 1.13546
 1.6408
 -1.67742
 0.925692
 1.44626
 0.73853
 -1.39064
 0.580891
 0.129835
 0.933839
 -0.306149
 0.264148
 0.901867
 -1.26789
 0.935931
 1.37643
 -0.486478
 -1.10045
 -1.1327
 -1.88804
 0.634692
 0.215702
 -0.180516
 1.21999
 0.168469
 0.777837
 1.42294
 0.0235939
 0.992903
 -0.247718
 1.11727
 -0.47935
 -0.13449
 -0.47779
 -0.0793904
 1.07989
 -0.396752
 -2.44188
 1.68959
 0.79983
 0.531102
 -0.0158024
 0.566977
 -0.361476
 -0.287604
 -1.44905
 1.50779
 -0.36362
 -0.179391
 0.757204
 0.348118
 0.995469
 -0.386099
 0.68746
 -0.6962
 -2.25508
 1.2735
 0.952113
 0.941991
 0.273691
 -1.18538
 -0.0102223
 0.796746
 -0.229462
 -0.987661
 -0.95148
 -0.985881
 -0.44501
 0.231605
 0.747361
 -0.40954
 -0.764113
 0.428356
 -1.13911
 0.276804
 -0.116524
 -0.793823
 -0.854346
 0.287407
 -0.821927
 -0.680367
 0.895619
 -0.157416
 0.503647
 -1.12561
 0.945134
 1.1749
 -1.02799
 -1.05622
 -0.105755
 0.00900764
 -0.318061
 -0.881607
 -0.260659
 -1.04232
 1.22817
 0.321535
 0.828982
 -0.879203
 -0.908614
 -0.305305
 -1.21275
 -0.244459
 -0.717298
 0.17214
 -1.19271
 0.917728
 -0.385948
 0.875
 0.0749957
 0.955941
 0.669678
 0.614853
 0.132188
 0.259448
 -1.0383
 0.79879
 1.06784
 -0.642395
 -1.08196
 -0.131765
 1.85477
 -1.10781
 -0.32908
 2.00604
 2.06506
 -1.64589
 0.619856
 1.78162
 -0.151386
 -1.21681
 0.730083
 -0.247351
 -1.62688
 -0.513797
 0.994274
 1.28878
 0.355835
 -2.24544
 -1.78555
 1.41247
 1.24969
 0.0940866
 1.42239
 1.56063
 0.55496
 1.28653
 0.42713
 1.29953
 -0.632615
 0.191173
 0.422729
 1.46904
 0.576506
 -0.460949
 1.60502
 0.159837
 0.342975
 0.692706
 1.92132
 0.92131
 -0.344219
 -0.382701
 0.283592
 1.93295
 -1.05761
 2.11665
 1.50876
 1.22348
 -0.00629247
 0.788642
 0.303691
 -0.645293
 0.853894
 -0.308582
 -2.29348
 1.52015
 -1.22645
 0.595903
 -1.00487
 -2.66282
 0.872231
 -1.98672
 -0.250371
 1.41489
 -1.42158
 1.3518
 1.91521
 1.22195
 -0.972389
 -2.62404
 0.525019
 0.833239
 -0.0811373
 2.72141
 -0.194154
 0.595321
 -0.64031
 -0.093066
 -3.16173
 0.982592
 2.43118
 -2.10556
 1.23469
 -0.296489
 3.1012
 2.44265
 0.482817
 0.787687
 4.25346
 1.11682
 1.01888
 2.68106
 0.560297
 2.52342
 -0.0547943
 -2.33285
 -2.34505
 1.14994
 -0.426507
 -0.151616
 -2.59668
 1.14668
 -0.164746
 1.31762
 -3.18789
 2.27404
 0.290077
 -0.50246
 -0.769575
 2.28684
 3.6187
 2.62253
 0.251408
 2.22744
 1.72165
 -1.13658
 1.88838
 0.669604
 1.46086
 0.883812
 -1.96139
 0.910369
 -0.43356
 -1.4516
 -1.69084
 -0.964851
 -1.57256
 0.102895
 -0.368367
 0.539843
 -0.283992
 -1.58218
 -0.473616
 -0.146866
 0.192483
 -0.5509
 -0.239397
 1.11673
 0.461545
 0.53615
 0.117184
 -0.584805
 -1.18831
 -1.92592
 -1.0272
 -1.7532
 0.62702
 -0.362382
 -1.25513
 -0.240525
 0.61426
 -2.29438
 -1.372
 -0.749327
 -1.20496
 -1.33138
 0.739482
 -1.05022
 -1.62584
 -1.83033
 0.966553
 -1.61975
 -0.64246
 -1.58907
 0.529966
 -1.2456
 -0.0983394
 -0.547415
 -0.911062
 -0.912172
 -0.894048
 1.48357
 -2.03002
 -0.422549
 1.70077
 0.14052
 0.0172234
 -0.931405
 -0.332368
 0.812377
 -0.677829
 -1.19785
 0.867996
 -0.698188
 0.687565
 -0.0856692
 0.953393
 0.532566
 -0.382024
 -0.535866
 -0.662215
 0.782727
 -1.00234
 0.3167
 1.0305
 -0.101038
 0.735113
 -0.646641
 -0.0379094
 -1.03772
 0.376456
 0.896107
 -0.993098
 1.09833
 0.519133
 -1.14266
 -0.882401
 -0.170151
 -0.10097
 0.982847
 -0.184485
 0.925414
 0.740409
 0.294232
 -1.08381
 0.394433
 0.835966
 0.703548
 -0.349804
 0.97354
 -0.933856
 -0.165197
 0.711403
 -1.09196
 -0.892572
 0.958684
 0.725026
 -0.819408
 -0.674468
 0.552745
 0.182331
 -1.29137
 0.944682
 0.278179
 -1.13287
 0.733382
 -1.17199
 0.79527
 0.467828
 0.997501
 -0.367011
 -1.27793
 0.671869
 0.0251586
 -0.383187
 -1.1974
 1.22242
 0.262266
 -0.338479
 -0.116342
 -0.943741
 -0.439778
 -0.846802
 1.09868
 0.889355
 0.882504
 0.902388
 -1.16237
 -0.015147
 -0.98286
 -0.473897
 0.429845
 -1.07434
 1.38019
 1.20727
 -0.200758
 -0.612786
 -0.915765
 -1.27936
 1.05001
 -0.333744
 0.851345
 0.317657
 -0.238665
 1.55139
 0.372895
 -0.939246
 1.11298
 1.38214
 0.0121214
 -0.519827
 0.0449949
 -1.71066
 0.0421623
 -1.41097
 0.834658
 0.733235
 0.573364
 0.593155
 -0.842087
 0.186642
 0.028963
 1.14945
 0.117293
 -1.12131
 1.06145
 0.89794
 0.449959
 -0.210047
 -0.712923
 0.353745
 -0.631608
 0.789769
 0.479527
 0.910236
 1.15226
 0.22069
 0.954002
 0.319986
 0.088601
 -0.208492
 -0.806016
 1.26513
 1.54879
 0.620047
 -0.556118
 0.285705
 0.360527
 -0.904477
 0.992418
 1.10437
 0.0424702
 0.960227
 -0.221137
 -0.281579
 0.743606
 -0.892288
 0.678066
 1.59705
 -0.785079
 0.232203
 1.35234
 -1.08382
 1.42717
 -0.657627
 1.04407
 -2.04976
 1.44553
 1.2447
 0.455822
 -0.509845
 -0.221841
 -1.46876
 -0.697024
 -1.24306
 0.950488
 1.31623
 -0.500484
 -1.00652
 0.334774
 0.928256
 -0.750071
 -0.0355815
 1.52685
 0.913912
 1.07413
 0.831058
 -0.400419
 -0.635139
 -0.946277
 -1.29906
 0.671712
 -1.06219
 0.795102
 0.692829
 -0.0831175
 0.159614
 -1.22825
 -0.636301
 0.936927
 -0.698758
 -1.19091
 0.171943
 -1.63381
 0.401775
 0.733671
 0.347207
 0.132038
 -1.63587
 -0.275987
 -0.926233
 -0.4535
 0.598108
 0.000800059
 -1.19791
 -0.00901363
 0.60191
 0.865787
 -0.702972
 0.574591
 0.42374
 -1.64801
 0.778492
 -0.0488613
 0.745814
 -0.478353
 1.07622
 -1.27893
 -0.162101
 -0.855363
 0.837317
 0.284274
 1.17913
 -1.1162
 0.788671
 0.555483
 -0.983859
 -0.0370484
 0.022227
 0.534918
 0.49574
 0.110846
 -0.48173
 -0.667181
 -1.37873
 -0.251684
 -0.538343
 -0.339289
 -0.762156
 -1.73517
 -0.254528
 -2.35307
 -1.10717
 -0.146082
 -2.01423
 -1.05443
 -0.356249
 -0.311951
 -0.2652
 -3.56573
 0.649463
 -0.926581
 -0.421051
 0.71998
 -1.08278
 1.71014
 -3.14609
 -2.93854
 -4.88445
 -0.00198736
 0.649221
 -3.87937
 -1.41176
 -1.86264
 1.61829
 1.82746
 -2.04285
 -1.61727
 1.75095
 -2.08568
 -1.15682
 3.37103
 -2.44023
 -0.422868
 0.624969
 -1.29187
 -3.40947
 0.21144
 -1.31877
 -1.99644
 -2.23059
 1.24904
 -1.72714
 -0.560999
 -4.51332
 -0.0958697
 -1.37605
 -1.12582
 -0.928074
 1.04737
 0.961361
 -2.19454
 -2.06152
 0.506719
 -0.193815
 -1.97258
 0.273527
 -1.64685
 1.42994
 0.779173
 0.176385
 -1.66487
 0.537233
 -0.474978
 -0.917166
 0.574574
 -0.900207
 -0.817796
 0.6428
 -0.974954
 1.23446
 -0.185782
 0.932951
 0.681405
 -0.982473
 1.0025
 -0.645837
 0.202
 0.178914
 0.0280293
 1.02892
 0.171205
 0.549925
 0.188431
 0.984592
 1.38992
 -1.01899
 0.412577
 0.997011
 0.901533
 -0.959744
 1.3323
 0.648587
 1.09203
 1.04046
 0.995785
 -2.10959
 0.155258
 1.02528
 -0.465638
 -1.29967
 -0.48176
 -1.86095
 0.390936
 -0.109653
 1.20054
 -0.376034
 -1.15993
 -1.06693
 0.725401
 1.37673
 0.00299312
 0.967874
 1.18439
 0.450841
 1.0169
 0.0385107
 -0.96735
 -0.119627
 -0.479597
 0.0425474
 -0.634061
 0.932577
 0.975975
 -0.871478
 -2.01347
 0.773761
 0.917842
 0.661534
 -0.818385
 -0.000137588
 0.479515
 -1.56253
 0.334104
 -0.550107
 -0.558553
 -1.36171
 -0.321476
 -0.319562
 -0.982271
 -0.833591
 -1.21273
 -0.400229
 -0.798033
 0.712755
 -0.774265
 -1.30592
 0.208391
 0.0239066
 0.533903
 -0.899876
 1.05502
 0.724721
 -0.0657778
 -1.27977
 -0.953556
 -0.514398
 1.07668
 -0.216997
 -0.978523
 -0.51085
 -0.202706
 0.454358
 -0.928603
 0.301442
 0.480038
 0.545637
 -0.658616
 0.638156
 -0.342694
 -0.964827
 0.0884468
 0.780393
 1.0201
 -0.758304
 -1.29124
 -0.481435
 -0.584277
 0.975928
 -0.43857
 -1.29892
 -0.372944
 -1.13043
 -1.17493
 0.107195
 -1.17129
 -1.44121
 0.514026
 -1.07315
 1.06797
 -0.958556
 -1.28263
 0.707905
 -0.794298
 0.154165
 -0.0274139
 -0.914016
 0.579048
 -0.804603
 -1.14688
 -1.17777
 1.26125
 -0.854819
 -0.391309
 -0.694534
 0.0945654
 -0.861427
 0.0860148
 -1.16642
 0.388175
 -1.11037
 -1.04955
 -1.01815
 -0.143878
 -0.946195
 -1.03181
 1.15978
 -0.794449
 0.278928
 -1.14096
 0.801402
 -0.0602931
 1.05211
 0.453722
 1.55286
 -0.125388
 0.656054
 0.81468
 -0.618052
 0.388178
 -1.36944
 -1.13995
 -0.663913
 -1.23527
 0.720689
 0.0392181
 -0.340851
 -1.10197
 0.562383
 0.911866
 -2.48428
 1.95106
 -2.14865
 -0.980417
 -1.75094
 0.749027
 -1.42052
 -1.45449
 -0.65452
 -0.582042
 1.3317
 -2.61559
 2.86465
 2.93525
 -0.630761
 1.47159
 -1.83867
 0.502615
 -1.7407
 -2.25868
 -1.96633
 -0.370253
 -1.8332
 -2.28736
 -0.67831
 -0.455622
 -3.04251
 -2.05167
 2.1255
 -2.14558
 -0.548264
 -2.58599
 -2.18316
 1.75847
 2.32222
 0.0234545
 -3.17812
 -0.991452
 -2.6911
 -1.58752
 -0.192168
 -0.452618
 -2.18112
 -1.6537
 -0.418038
 -1.13598
 -1.94253
 -2.41789
 -2.14475
 2.08386
 2.11665
 -1.38964
 -3.30403
 -0.509774
 2.05786
 0.169354
 0.301511
 -1.083
 -2.86307
 -1.18907
 -0.207002
 0.375546
 0.371433
 -0.919289
 1.00055
 -1.28227
 -0.941471
 -0.786915
 -1.00343
 0.23499
 -0.853585
 -0.978115
 0.569256
 -1.03481
 0.975004
 -0.756633
 0.700828
 0.115134
 -1.02587
 0.0731183
 0.341987
 -0.0149239
 -0.949261
 0.17922
 -1.06415
 -0.912623
 -0.856128
 -0.0738824
 0.743751
 0.599729
 -0.322492
 0.378103
 -0.700546
 -1.35133
 0.482882
 0.390905
 0.738023
 0.675873
 -0.141734
 -0.57305
 0.711422
 -0.566358
 -0.91133
 0.526401
 0.526647
 -0.954324
 0.879617
 0.627429
 -0.827433
 0.557285
 0.727536
 0.692253
 -0.437025
 -1.05075
 -0.933866
 -0.774406
 -0.29805
 -1.33972
 -1.08102
 0.696745
 -0.858053
 0.466778
 -2.64404
 -2.30553
 0.295505
 1.59355
 -2.09196
 -1.44166
 0.160735
 -0.445276
 -1.38433
 -2.30479
 2.82355
 3.22426
 -1.01182
 0.131072
 -0.0866327
 4.55652
 -0.10954
 -2.09087
 -3.76778
 -1.61385
 -3.57988
 0.325698
 0.0040829
 0.290252
 -1.3667
 -1.24745
 1.04071
 -1.25157
 -3.22894
 -1.40451
 -1.46996
 2.32682
 1.79902
 1.66517
 -3.70895
 -0.906246
 0.617951
 -0.189328
 -0.0172753
 1.4089
 -1.80108
 -2.09519
 0.710133
 -2.71771
 1.3637
 -1.9306
 -2.41725
 2.22448
 0.847351
 0.236308
 -1.17
 0.387672
 0.0321509
 1.35949
 -0.506699
 2.03363
 -1.2952
 -1.03239
 1.22813
 2.12606
 0.95246
 0.530852
 -0.67011
 0.122993
 -0.381189
 0.365021
 1.02343
 -0.270162
 0.915133
 0.190608
 -0.791811
 -2.14775
 -0.503767
 1.01757
 1.34539
 -1.71473
 0.368101
 -0.0810192
 -0.376131
 1.50417
 -0.199472
 1.10918
 0.459234
 -1.12095
 -0.596711
 1.34841
 0.264393
 1.36365
 0.551681
 -1.54359
 1.32377
 -0.276004
 -0.43905
 0.368798
 1.21746
 0.12799
 0.548639
 1.08021
 0.734063
 -0.476388
 0.646003
 -0.620815
 1.41583
 0.46181
 -0.137476
 1.14904
 1.09634
 0.843284
 -0.243569
 0.00247355
 -0.0647123
 0.0648366
 0.4458
 0.847905
 -0.285065
 0.783399
 -1.42923
 1.90602
 0.988146
 0.57375
 -0.202391
 -0.477567
 1.68771
 -0.146299
 -0.848521
 -0.857822
 -0.156219
 1.28822
 -1.49209
 -0.819708
 0.146778
 -0.301435
 1.48826
 0.0607744
 1.6685
 -0.4148
 -1.17628
 -0.66231
 0.475011
 1.4002
 0.246803
 0.128528
 -0.582642
 -0.905741
 -1.17689
 -0.47833
 -1.58514
 0.72038
 -0.635962
 -1.55589
 0.872515
 -1.14789
 2.37682
 0.691632
 0.806391
 -0.574712
 0.0999157
 0.27151
 1.69968
 -0.883842
 -0.0484563
 -0.885302
 0.973139
 -0.898729
 1.50701
 -1.1192
 -0.541273
 1.13124
 0.626545
 -2.57665
 0.487872
 -0.954438
 -1.2475
 1.62364
 -0.912409
 -0.0510971
 -0.95089
 -0.0343136
 -0.997846
 1.0611
 -0.77357
 -0.0515319
 0.893537
 0.0397559
 -0.77652
 -0.0906366
 0.923343
 0.550687
 -0.779363
 0.142204
 -0.599246
 -1.26456
 -0.671224
 -0.372214
 -0.500435
 -0.659206
 -1.1397
 0.667588
 0.718193
 -0.279955
 -0.511369
 -0.388169
 0.942034
 -0.866227
 -1.16108
 -0.314301
 0.447058
 0.876819
 0.76821
 -0.592112
 -1.07168
 0.0272324
 0.426225
 0.855998
 -0.782905
 0.871966
 0.433629
 -0.425019
 0.380464
 0.610566
 0.42065
 -0.19089
 -1.43904
 0.868137
 -0.18871
 -0.00234162
 -0.724986
 0.574632
 -0.593462
 -0.0590659
 -0.0969395
 -1.22635
 0.46629
 -0.407367
 -1.02752
 0.670834
 -1.10306
 -0.674135
 -0.927088
 -0.977831
 0.925686
 0.0644817
 -0.727659
 0.408657
 -0.957437
 -1.00421
 -0.943372
 -0.822143
 0.909893
 -0.175543
 0.833475
 -0.230556
 -0.327729
 -0.976157
 -0.171055
 0.428029
 -0.599014
 0.229566
 -0.635272
 0.632159
 -0.840904
 0.937169
 -1.03566
 -0.649036
 -0.2209
 -0.701173
 -1.17242
 0.746035
 0.219585
 -0.580983
 0.117452
 1.12828
 1.0494
 -0.588792
 0.750266
 -1.01474
 -0.827234
 -0.988403
 -0.229959
 0.180702
 0.0405078
 -0.711507
 -0.37224
 -0.905781
 0.261688
 -0.640376
 0.406939
 -1.11418
 -1.05939
 -0.876717
 -0.571926
 -0.99859
 -0.786
 -0.902204
 0.748689
 -0.0486579
 0.189329
 4.25457
 2.11423
 -1.87632
 -1.51518
 -0.655809
 1.19742
 1.72446
 0.0634501
 1.46534
 2.94679
 -0.926086
 -2.96557
 -0.944363
 1.41057
 3.47133
 0.773209
 1.82994
 1.5271
 0.567248
 0.173345
 -1.43171
 -1.29517
 0.23843
 -1.40069
 2.3718
 -0.377748
 -1.44264
 -1.48518
 0.387602
 -2.99709
 2.43577
 0.377194
 -1.11762
 0.00652602
 1.12167
 3.63584
 5.28407
 -3.22045
 -0.631153
 2.41831
 0.780032
 4.78565
 0.865661
 -2.24263
 0.137514
 1.65568
 -1.25254
 2.42846
 0.571574
 -1.40019
 0.562723
 -1.87191
 -4.13631
 2.08867
 -1.98451
 -0.40814
 1.786
 0.171187
 3.22215
 -0.64911
 0.536346
 1.04403
 -0.132037
 -1.59025
 0.581003
 -0.593844
 -0.933747
 -1.73508
 0.724404
 0.621469
 -2.69463
 -0.316071
 0.144889
 -1.89121
 -0.238259
 -0.498736
 3.59375
 -1.79511
 -0.997506
 -3.17115
 -0.0631107
 0.300221
 -0.662814
 0.514719
 0.00274224
 0.460897
 -0.146642
 -2.57503
 -1.64907
 0.935909
 -0.721694
 -1.04297
 -1.435
 0.678135
 -0.486711
 2.38865
 2.66371
 -0.124551
 0.543049
 -0.800124
 0.0388091
 -0.383831
 1.12878
 0.0482389
 -0.457959
 -2.42046
 -1.0397
 0.794576
 -1.61601
 -0.0465133
 3.18982
 1.65062
 -4.54841
 -2.05143
 -1.1722
 -1.3023
 0.961296
 -0.423327
 -0.410037
 -1.07463
 0.523416
 1.04184
 0.377628
 1.68703
 -0.778346
 1.0115
 -1.36306
 2.18479
 -0.379939
 -0.198772
 1.28976
 1.66581
 1.28874
 -0.418427
 -0.636047
 0.585977
 -1.05051
 1.46887
 -0.93196
 -0.113848
 1.64562
 -0.399532
 0.176381
 0.282149
 1.70649
 1.09091
 1.12114
 1.04862
 -0.0209882
 0.556397
 0.205982
 -0.189314
 2.01863
 1.23806
 -0.124614
 -2.38623
 -1.78659
 0.143843
 -0.319707
 0.284091
 1.25313
 -1.2926
 0.656279
 1.75369
 0.938915
 1.19684
 -0.40609
 0.698606
 1.83384
 1.25171
 -1.24596
 0.650918
 0.439533
 0.656385
 1.80053
 -0.783774
 0.603284
 1.48857
 -1.18229
 1.31348
 -2.20589
 1.27572
 -3.39985
 0.612921
 1.01739
 -0.854833
 0.0800584
 1.59263
 -0.0223204
 -0.866575
 -0.762309
 -0.0799755
 0.744632
 -0.938633
 0.433837
 -0.854806
 -0.253699
 -1.10974
 -2.2471
 0.138135
 1.85915
 1.72163
 -0.0560054
 1.75919
 1.43375
 1.90861
 2.1484
 -0.606255
 0.660062
 1.0035
 0.96415
 0.922498
 3.4263
 -1.05394
 -1.76249
 -0.553541
 -1.99909
 0.551637
 1.99414
 -0.202369
 1.46619
 -2.1194
 0.0505661
 1.55118
 2.37432
 -1.34218
 2.10759
 0.612216
 0.26397
 -0.0567214
 0.0555316
 -0.463542
 -0.601404
 2.05946
 1.73022
 -2.03861
 -1.40262
 -0.561586
 -2.01063
 0.670055
 -0.960506
 -1.00534
 -1.0813
 0.888101
 -0.969559
 0.16453
 -0.326072
 -0.417393
 0.228312
 -0.271888
 0.524163
 0.0274192
 0.96679
 -0.695502
 -0.769688
 0.882914
 0.822457
 0.151781
 0.940996
 -0.854335
 0.974273
 -0.942209
 -0.937491
 0.252638
 0.72509
 -1.07541
 -0.999471
 0.0335458
 -0.530843
 0.45867
 -0.954543
 -0.616063
 0.850431
 -0.136858
 -0.757954
 -0.951457
 0.919847
 0.0349307
 -0.948215
 0.552386
 1.00232
 -0.388684
 0.322505
 -0.770326
 0.767588
 -0.966575
 0.973645
 -1.0168
 -0.190476
 -0.278116
 -0.0145137
 0.0225332
 -0.411844
 0.293406
 -0.992987
 -0.907576
 -0.995628
 0.885072
 0.760708
 0.0273623
 -1.37371
 -0.222332
 -2.52732
 -0.478904
 0.444082
 1.11098
 2.05735
 -0.476158
 0.849936
 1.11596
 -2.10224
 -0.684011
 0.288466
 1.31041
 2.18063
 -0.94646
 0.674614
 0.506801
 1.19885
 -0.83976
 -0.832063
 0.863155
 -0.206413
 0.776896
 0.994053
 2.07325
 1.76061
 -0.0971147
 -0.498197
 2.4678
 1.38896
 -0.955869
 0.807105
 -0.967759
 -0.247787
 0.50318
 0.53595
 -1.06063
 1.3291
 -0.360582
 0.888141
 -0.449407
 1.64325
 -0.0292176
 0.307802
 -1.55065
 -0.432623
 0.255828
 -0.687059
 0.374871
 0.49059
 1.63902
 -0.665556
 0.844808
 -0.600343
 0.338089
 -0.966111
 0.779212
 -1.03864
 1.35283
 -0.745059
 -1.15807
 1.04087
 -1.49302
 -1.46845
 -1.37146
 -0.916792
 -0.956465
 -0.99022
 -1.59596
 0.207265
 0.37804
 -1.04276
 0.809939
 0.128425
 0.197294
 -1.048
 0.406089
 0.479107
 -0.42897
 -0.220368
 -0.130014
 0.0234733
 -0.165603
 -1.31734
 -0.152066
 -1.24287
 0.426856
 0.452368
 0.824699
 -1.55115
 -0.318707
 -1.72409
 -1.39281
 -0.857008
 0.301302
 -1.31184
 0.648909
 -1.96711
 -1.61551
 -0.835349
 0.285909
 -1.65891
 -1.49086
 -1.98335
 0.331634
 -1.74267
 -1.50823
 -1.70572
 -0.417354
 -1.08332
 -0.501468
 1.31905
 -0.336083
 0.570473
 2.14842
 0.14635
 -1.39508
 0.764899
 0.273668
 2.6061
 -1.32625
 1.37343
 -1.29391
 -1.82647
 0.450921
 -1.35188
 -2.63942
 -2.18562
 0.836738
 2.46456
 -0.629361
 -1.676
 -1.35735
 -3.83261
 -1.28822
 -0.593105
 1.70182
 -0.253865
 1.57797
 -0.563561
 -0.682429
 2.35126
 -0.0905035
 -0.246389
 -3.68181
 -2.66735
 -0.112442
 0.492602
 -4.16402
 -2.20373
 -1.09111
 -3.08855
 -0.322627
 -2.79371
 1.62867
 1.08748
 2.95812
 -1.59257
 -0.106423
 -1.41299
 1.85349
 -2.11002
 1.71829
 -0.732364
 2.31027
 -2.43351
 -0.445139
 -1.3882
 0.196755
 -0.671663
 -3.24071
 -1.14314
 -1.88269
 -1.0994
 0.663176
 0.698584
 -2.33655
 0.347715
 -0.767004
 -0.11597
 0.387524
 -1.14324
 -0.742535
 0.648735
 0.000343628
 -0.192407
 0.553549
 0.834038
 -0.298051
 -1.04241
 -1.0962
 -1.13801
 -0.337913
 -0.516197
 -0.805943
 -1.07901
 -1.01156
 0.544326
 0.927501
 -0.28519
 -0.167852
 0.82916
 -0.609833
 -1.06166
 0.355448
 0.190491
 -0.11663
 -0.508819
 0.0836119
 0.0554123
 -1.03436
 -0.607851
 0.508276
 -1.17738
 0.596495
 0.867218
 0.431218
 0.0298459
 0.649388
 0.211041
 -1.07895
 -0.110071
 -0.542981
 -1.05243
 -0.519872
 -0.641751
 -1.06977
 0.8836
 -1.05045
 0.306003
 0.63601
 -1.01269
 0.583089
 -0.601124
 0.158997
 -1.14874
 0.161853
 -0.37832
 -1.20179
 0.272342
 -0.366593
 0.969533
 -0.530324
 0.318628
 -1.16194
 1.19992
 -1.67224
 -1.24226
 1.16143
 1.23846
 0.190671
 0.067091
 1.1622
 0.445849
 -0.68407
 1.11359
 -0.42973
 -0.258608
 -0.652068
 -1.109
 -1.58101
 0.64354
 -0.393465
 -0.256698
 -1.5415
 0.472568
 0.178692
 0.266093
 -0.299708
 0.390527
 -0.0332453
 -1.5897
 0.326339
 0.0939566
 0.981785
 1.45541
 0.335126
 -1.48712
 -0.542714
 -1.28462
 0.857398
 -0.155146
 -1.31973
 0.186934
 -0.215315
 -1.69484
 0.513585
 -1.16357
 0.107702
 0.748154
 0.560657
 0.339367
 0.26367
 -0.986213
 0.848012
 -0.680041
 0.366233
 1.43286
 -1.25247
 1.63671
 2.38938
 0.704522
 0.44143
 -0.0100526
 2.38364
 -1.7259
 0.00599744
 2.23408
 3.24048
 0.152812
 -0.535688
 1.39677
 -2.39844
 -2.4765
 3.51001
 4.51654
 1.40409
 -1.42632
 -1.12327
 0.425854
 0.952567
 -0.424166
 0.184739
 2.62206
 -0.693902
 1.28017
 -1.30492
 0.92141
 -0.670011
 0.732038
 1.61125
 -1.22766
 3.09333
 -2.39813
 4.91281
 5.17867
 -1.02982
 -0.152793
 1.96803
 2.40393
 3.29581
 1.32706
 -1.16497
 1.1036
 -0.879902
 1.08634
 2.47249
 0.195936
 1.94046
 2.23448
 0.867082
 -5.0112
 0.29453
 0.374527
 -1.64678
 3.31072
 -1.26809
 2.53809
 -2.27295
 0.0380867
 -0.0293719
 1.01426
 -1.33777
 -0.954126
 -1.49739
 -0.655045
 -1.12003
 -1.40761
 -0.349851
 0.759552
 -1.21834
 0.35015
 -0.988003
 -2.29543
 -0.198561
 -0.483625
 0.741828
 -1.31522
 0.782983
 -1.33229
 -0.852942
 1.33064
 -0.302215
 0.121067
 -0.223658
 -1.4307
 -0.802454
 0.108954
 0.0444471
 -0.493715
 0.180523
 -2.23553
 0.339017
 -1.081
 -1.17652
 -1.43202
 0.91461
 -1.76841
 -0.476689
 -1.16126
 0.520245
 -2.01378
 0.437456
 -0.893124
 -0.249699
 0.143648
 -0.974042
 0.712561
 0.289194
 -0.0838751
 -1.60509
 0.728836
 -1.44434
 -1.48642
 0.469068
 -1.18887
 0.203522
 -1.3389
 0.464866
 -2.11929
 0.480994
 -3.50998
 -0.201618
 -1.0478
 -0.694377
 -0.302454
 -0.0889159
 0.17411
 -0.0254552
 -0.903759
 0.856215
 0.120847
 -1.37494
 1.43342
 -0.209044
 0.366658
 -0.856287
 -2.58025
 -3.53763
 -0.402972
 -0.0344225
 -2.52462
 0.0998468
 -0.310345
 1.7414
 0.0685387
 -1.48177
 -1.41983
 -1.29115
 -1.74241
 -2.12331
 3.29091
 -0.348637
 0.718543
 -1.76324
 -1.27975
 -3.59753
 1.60538
 0.0959581
 -0.20639
 -2.14433
 -0.27559
 -0.82836
 -1.07262
 -3.46146
 1.77494
 -0.796838
 -1.8167
 -0.822345
 0.290881
 -0.00597773
 -0.302017
 -1.0575
 0.357416
 -0.100553
 -1.95871
 -1.23507
 -2.83573
 0.457092
 -2.54611
 -1.9598
 0.350064
 -0.579531
 -3.25736
 -0.982246
 -0.96704
 3.51625
 -1.28755
 -1.17288
 -0.498169
 -1.02925
 -2.09869
 -0.621974
 -0.193278
 1.78921
 0.621107
 2.39234
 1.74305
 -4.40281
 0.0785467
 -0.453932
 0.616869
 0.149064
 -1.8071
 -0.463561
 -0.496966
 -0.695666
 -0.305773
 0.434073
 2.23875
 -1.19751
 -1.20026
 -1.09707
 -2.19327
 0.113888
 3.35585
 -1.77184
 0.643176
 -0.942968
 -0.829613
 -0.742992
 -0.284494
 -0.953029
 -0.620714
 0.825374
 0.104351
 -0.658235
 3.67449
 -2.89744
 -0.678423
 -0.664876
 -0.114945
 -0.688695
 -3.48302
 -0.464168
 -2.07638
 3.45587
 0.565035
 -1.30553
 1.9071
 -2.50193
 3.75862
 -1.23574
 -1.17078
 0.401589
 0.985565
 1.94137
 -0.663695
 -0.483463
 -0.567743
 -0.927019
 -2.20375
 0.74946
 -0.814155
 -3.64171
 -0.738692
 2.88861
 -3.77629
 3.26851
 4.18598
 -1.96845
 0.344833
 -1.09835
 -2.24068
 -1.34849
 -0.65625
 -2.60175
 0.211167
 0.244081
 -5.4201
 0.728568
 -1.59142
 -0.0550972
 -2.06868
 -0.951652
 -1.81509
 -1.55727
 -0.0116783
 0.750893
 3.88107
 -0.776362
 -1.39963
 -2.15004
 1.12989
 0.188675
 1.0824
 -1.44965
 -1.93661
 -3.512
 -0.51561
 -0.068117
 -1.69725
 0.144908
 2.11278
 0.871681
 -1.56493
 0.492009
 -1.42782
 0.614302
 1.58687
 -6.5667
 4.70508
 -0.671037
 -0.956399
 0.61008
 0.477112
 -1.90408
 -0.271799
 0.718953
 0.295022
 0.328325
 -1.51606
 -0.0460873
 -1.51974
 -2.56064
 0.0921
 -3.06844
 1.70515
 -5.17407
 1.63053
 0.473635
 1.0067
 -0.0998195
 -1.72959
 -1.12706
 -0.824948
 -0.894696
 -1.78899
 -0.364894
 1.60363
 0.565323
 -1.09028
 -0.722656
 -1.45611
 -0.393213
 -4.14301
 -1.17206
 -0.980506
 -0.710035
 1.98542
 0.34611
 -1.80665
 -2.63528
 -2.98683
 -0.405017
 1.14073
 6.5105
 -3.50029
 -2.67037
 -0.72452
 0.743243
 -2.46324
 -0.0874703
 -1.74301
 -0.2913
 -1.34523
 -3.72088
 -0.759151
 -0.596979
 -3.82721
 0.941844
 1.09814
 0.500574
 -0.558625
 -0.517715
 -1.00543
 -1.76863
 0.578979
 -0.359648
 0.754108
 -1.3893
 -2.55932
 -0.779187
 -3.17747
 0.688204
 -1.43576
 -0.471476
 0.0347628
 -1.48747
 2.92964
 -1.11033
 -1.02013
 -3.24
 -3.7954
 -0.170776
 -1.0772
 0.319677
 0.673082
 -1.6299
 -1.61385
 -1.43976
 -0.327273
 -0.217838
 -2.86266
 -2.04051
 1.75733
 -1.4364
 -0.00131317
 0.803905
 1.77172
 -0.4563
 4.00366
 -1.92223
 0.648123
 -1.2719
 0.935192
 -3.05266
 -0.0709617
 -0.367127
 4.48523
 -1.03302
 -2.1297
 -2.0985
 -1.94288
 -0.0238877
 -1.21104
 -0.623276
 -0.313242
 2.39798
 -1.21819
 0.684357
 -4.05565
 0.00703845
 0.177861
 -0.900988
 0.336896
 -0.693108
 -0.956626
 0.649313
 0.657959
 0.529663
 -0.6671
 0.453907
 3.01806
 1.20737
 0.352916
 0.221303
 2.57701
 4.16277
 -3.749
 -1.25117
 1.06676
 -4.17094
 -0.499829
 -0.816998
 -0.339321
 -2.04037
 0.331873
 -0.740343
 1.23595
 -0.981428
 -0.0429914
 -0.241096
 -0.379387
 -1.12121
 4.09389
 -0.544431
 1.01634
 -1.13274
 -4.01256
 -1.12983
 -5.73021
 -1.62584
 -1.43261
 -0.25702
 0.945453
 -2.17259
 -0.325995
 0.158702
 0.730722
 0.877051
 -2.53146
 -1.51487
 -3.01698
 0.747612
 -1.82947
 -1.56736
 -1.28409
 3.0524
 0.10922
 1.57374
 -1.5062
 -0.854443
 -0.515899
 0.230164
 -0.957697
 -1.1724
 0.690687
 0.483787
 0.592858
 -0.165761
 -0.954493
 -1.04752
 1.48303
 -2.60203
 0.827388
 0.437006
 -3.7752
 -6.72973
 -2.47799
 -2.02872
 -1.12313
 1.26398
 0.984389
 -1.25754
 -0.213866
 0.70303
 0.2851
 1.33239
 1.38288
 -1.71187
 -0.148829
 -1.23946
 -0.963779
 -0.253671
 -4.09243
 -1.51552
 -0.756915
 0.7109
 -0.838221
 0.837265
 -2.88684
 1.02112
 -0.38153
 0.60755
 -0.322498
 -2.72167
 -0.0141407
 -1.4856
 1.9848
 0.118123
 0.300987
 -2.03435
 -2.82713
 0.76364
 -0.706523
 -3.04349
 -1.1168
 -3.29374
 -1.21231
 -3.68556
 -4.4089
 -0.402777
 -1.03124
 0.208984
 -0.956577
 -3.1775
 1.717
 0.415706
 0.491145
 -0.804651
 0.106378
 0.663567
 -3.85222
 -1.38212
 0.726405
 -3.39016
 -3.56151
 2.35084
 -2.40263
 -2.26365
 0.24945
 -0.593474
 -3.86564
 -0.381694
 0.927572
 0.18266
 0.846755
 -1.69941
 -1.20254
 -2.37418
 -0.17874
 1.70998
 1.11973
 -1.27822
 -1.64089
 0.161178
 -0.348677
 -1.15478
 -4.23969
 0.290583
 4.26964
 -0.876807
 -1.88683
 -0.228188
 -0.846837
 3.73113
 -1.42031
 1.07717
 -1.59667
 0.650198
 0.294094
 -1.8751
 -0.800077
 -0.76365
 0.71153
 -0.994591
 -0.409517
 -0.879785
 -3.01653
 -4.12367
 0.633637
 -0.32944
 -1.97981
 0.866681
 0.658297
 -0.59521
 0.911484
 -0.100137
 -1.0008
 1.53574
 -2.1722
 -0.871191
 1.16226
 0.830826
 -0.672294
 0.172975
 -1.30909
 0.184932
 -1.7048
 2.46715
 0.695603
 -1.47999
 1.9981
 1.34584
 -0.735015
 0.876401
 -1.01209
 2.7706
 -2.3812
 -1.65611
 0.437865
 -0.274471
 -1.12466
 -1.21553
 -0.949149
 -1.74783
 -0.697722
 0.256254
 -1.30351
 -0.119866
 -3.17911
 -1.34525
 0.359711
 0.355853
 -0.905102
 3.30353
 -0.0961338
 -1.70036
 -0.0915499
 0.161577
 -1.18486
 -2.61695
 -0.943133
 0.275273
 -1.53588
 3.68323
 -1.13832
 -0.629173
 1.3448
 5.50567
 -2.46017
 0.688504
 0.462531
 0.681367
 -0.102467
 -0.842576
 -1.18434
 -0.682382
 0.989474
 -0.374022
 -1.0072
 -1.62648
 -1.82429
 0.225362
 1.18154
 -0.495486
 -0.080284
 -2.36191
 1.30112
 -0.467391
 -0.984183
 -1.67173
 -2.67582
 -0.542157
 -1.12889
 -1.51168
 -0.323461
 0.174042
 1.75356
 -0.0971137
 -1.26
 -0.881806
 -1.21303
 -1.37344
 -1.67977
 -0.546104
 -0.563195
 -0.499453
 0.746732
 -0.753994
 3.19467
 -1.91488
 0.184598
 0.325223
 -0.898421
 -7.68262
 -1.10479
 -0.0340473
 -5.47066
 -0.506348
 -1.12168
 1.73972
 -2.00228
 -0.0210831
 -1.65539
 -2.3034
 -0.628646
 -4.07512
 0.943155
 2.42671
 0.62005
 -1.06285
 -0.381196
 0.0780591
 0.300976
 0.504675
 1.05214
 0.234594
 0.592162
 -0.832656
 -1.47563
 0.709703
 0.9347
 -1.16696
 0.984599
 -1.4008
 -0.579044
 2.33381
 -1.86193
 0.725733
 -0.151645
 -1.80873
 0.259673
 1.99182
 0.690429
 -1.48877
 -0.0842096
 -1.21444
 -2.75037
 1.67115
 -0.266433
 -1.78513
 -2.60878
 0.613956
 -0.929751
 -2.70468
 -1.25344
 1.08469
 -1.31143
 -0.581564
 -2.62612
 -1.1832
 -1.02035
 -0.244619
 0.62565
 -5.38903
 -1.07121
 -2.15137
 -1.52578
 -0.480919
 -2.01922
 1.012
 1.43423
 0.8969
 0.116412
 -5.0694
 1.46506
 0.183752
 