0.562500 0.181818 0.000000 0.318182 0.531250 0.181818 0.000000 0.318182 0.562500 0.181818 0.000000 0.318182
0.531250 0.181818 0.000000 0.318182 0.562500 0.181818 0.000000 0.318182 0.531250 0.200000 0.018630 0.318182
0.562500 0.181818 0.000000 0.318182 0.531250 0.200000 0.018630 0.318182 0.531250 0.181818 0.000000 0.318182
0.531250 0.200000 0.018630 0.318182 0.531250 0.181818 0.000000 0.318182 0.531250 0.181818 0.000000 0.318182
0.531250 0.181818 0.000000 0.318182 0.531250 0.181818 0.000000 0.318182 0.562500 0.181818 0.000000 0.318182
0.531250 0.181818 0.000000 0.318182 0.562500 0.181818 0.000000 0.318182 0.562500 0.163636 0.000000 0.318182
0.562500 0.181818 0.000000 0.318182 0.562500 0.163636 0.000000 0.318182 0.593750 0.072727 0.000000 0.181818
0.562500 0.163636 0.000000 0.318182 0.593750 0.072727 0.000000 0.181818 0.593750 0.072727 0.000000 0.181818
0.593750 0.072727 0.000000 0.181818 0.593750 0.072727 0.000000 0.181818 0.625000 0.090909 0.000000 0.227273
0.593750 0.072727 0.000000 0.181818 0.625000 0.090909 0.000000 0.227273 0.625000 0.090909 0.000000 0.227273
0.625000 0.090909 0.000000 0.227273 0.625000 0.090909 0.000000 0.227273 0.593750 0.090909 0.000000 0.181818
0.625000 0.090909 0.000000 0.227273 0.593750 0.090909 0.000000 0.181818 0.593750 0.072727 0.000000 0.136364
0.593750 0.090909 0.000000 0.181818 0.593750 0.072727 0.000000 0.136364 0.625000 0.072727 0.000000 0.181818
0.593750 0.072727 0.000000 0.136364 0.625000 0.072727 0.000000 0.181818 0.593750 0.090909 0.000000 0.227273
0.625000 0.072727 0.000000 0.181818 0.593750 0.090909 0.000000 0.227273 0.625000 0.072727 0.000000 0.181818
0.593750 0.090909 0.000000 0.227273 0.625000 0.072727 0.000000 0.181818 0.625000 0.072727 0.000000 0.227273
0.625000 0.072727 0.000000 0.181818 0.625000 0.072727 0.000000 0.227273 0.593750 0.072727 0.000000 0.181818
0.625000 0.072727 0.000000 0.227273 0.593750 0.072727 0.000000 0.181818 0.593750 0.072727 0.000000 0.181818
0.593750 0.072727 0.000000 0.181818 0.593750 0.072727 0.000000 0.181818 0.531250 0.090909 0.000000 0.181818
0.593750 0.072727 0.000000 0.181818 0.531250 0.090909 0.000000 0.181818 0.500000 0.054545 0.000000 0.045455
0.531250 0.090909 0.000000 0.181818 0.500000 0.054545 0.000000 0.045455 0.500000 0.036364 0.000000 -0.045455
0.500000 0.054545 0.000000 0.045455 0.500000 0.036364 0.000000 -0.045455 0.531250 0.018182 0.000000 -0.045455
0.500000 0.036364 0.000000 -0.045455 0.531250 0.018182 0.000000 -0.045455 0.593750 0.036364 0.000000 -0.045455
0.531250 0.018182 0.000000 -0.045455 0.593750 0.036364 0.000000 -0.045455 0.625000 0.018182 0.000000 -0.090909
0.593750 0.036364 0.000000 -0.045455 0.625000 0.018182 0.000000 -0.090909 0.656250 0.018182 0.000000 -0.136364
0.625000 0.018182 0.000000 -0.090909 0.656250 0.018182 0.000000 -0.136364 0.687500 0.018182 0.000000 -0.090909
0.656250 0.018182 0.000000 -0.136364 0.687500 0.018182 0.000000 -0.090909 0.687500 0.000000 0.000000 -0.136364
0.687500 0.018182 0.000000 -0.090909 0.687500 0.000000 0.000000 -0.136364 0.656250 0.000000 0.000000 -0.090909
0.687500 0.000000 0.000000 -0.136364 0.656250 0.000000 0.000000 -0.090909 0.625000 0.000000 0.000000 -0.090909
0.656250 0.000000 0.000000 -0.090909 0.625000 0.000000 0.000000 -0.090909 0.625000 0.036364 0.000000 0.000000
0.625000 0.000000 0.000000 -0.090909 0.625000 0.036364 0.000000 0.000000 0.562500 0.127273 0.000000 0.227273
0.625000 0.036364 0.000000 0.000000 0.562500 0.127273 0.000000 0.227273 0.593750 0.109091 0.000000 0.272727
0.562500 0.127273 0.000000 0.227273 0.593750 0.109091 0.000000 0.272727 0.625000 0.090909 0.000000 0.272727
0.593750 0.109091 0.000000 0.272727 0.625000 0.090909 0.000000 0.272727 0.656250 0.072727 0.000000 0.181818
0.625000 0.090909 0.000000 0.272727 0.656250 0.072727 0.000000 0.181818 0.687500 0.090909 0.000000 0.227273
0.656250 0.072727 0.000000 0.181818 0.687500 0.090909 0.000000 0.227273 0.687500 0.072727 0.000000 0.181818
0.687500 0.090909 0.000000 0.227273 0.687500 0.072727 0.000000 0.181818 0.593750 0.127273 0.000000 0.227273
0.687500 0.072727 0.000000 0.181818 0.593750 0.127273 0.000000 0.227273 0.500000 0.345455 0.201562 0.500000
0.593750 0.127273 0.000000 0.227273 0.500000 0.345455 0.201562 0.500000 0.562500 0.545455 0.479447 0.681818
0.500000 0.345455 0.201562 0.500000 0.562500 0.545455 0.479447 0.681818 0.531250 0.600000 0.537861 0.681818
0.562500 0.545455 0.479447 0.681818 0.531250 0.600000 0.537861 0.681818 0.531250 0.636364 0.561058 0.727273
0.531250 0.600000 0.537861 0.681818 0.531250 0.636364 0.561058 0.727273 0.531250 0.636364 0.564183 0.727273
0.531250 0.636364 0.561058 0.727273 0.531250 0.636364 0.564183 0.727273 0.562500 0.654545 0.601923 0.727273
0.531250 0.636364 0.564183 0.727273 0.562500 0.654545 0.601923 0.727273 0.531250 0.654545 0.586659 0.772727
0.562500 0.654545 0.601923 0.727273 0.531250 0.654545 0.586659 0.772727 0.562500 0.654545 0.586779 0.727273
0.531250 0.654545 0.586659 0.772727 0.562500 0.654545 0.586779 0.727273 0.562500 0.690909 0.620072 0.818182
0.562500 0.654545 0.586779 0.727273 0.562500 0.690909 0.620072 0.818182 0.500000 0.709091 0.632812 0.818182
0.562500 0.690909 0.620072 0.818182 0.500000 0.709091 0.632812 0.818182 0.406250 0.800000 0.713942 0.409091
0.500000 0.709091 0.632812 0.818182 0.406250 0.800000 0.713942 0.409091 0.406250 0.854545 0.752644 0.500000
0.406250 0.800000 0.713942 0.409091 0.406250 0.854545 0.752644 0.500000 0.437500 0.836364 0.728966 0.863636
0.406250 0.854545 0.752644 0.500000 0.437500 0.836364 0.728966 0.863636 0.406250 0.818182 0.725721 0.454545
0.437500 0.836364 0.728966 0.863636 0.406250 0.818182 0.725721 0.454545 0.468750 0.800000 0.693870 0.863636
0.406250 0.818182 0.725721 0.454545 0.468750 0.800000 0.693870 0.863636 0.500000 0.781818 0.683894 0.954545
0.468750 0.800000 0.693870 0.863636 0.500000 0.781818 0.683894 0.954545 0.500000 0.781818 0.695553 1.000000
0.500000 0.781818 0.683894 0.954545 0.500000 0.781818 0.695553 1.000000 0.500000 0.781818 0.684135 1.000000
0.500000 0.781818 0.695553 1.000000 0.500000 0.781818 0.684135 1.000000 0.500000 0.781818 0.671995 1.045455
0.500000 0.781818 0.684135 1.000000 0.500000 0.781818 0.671995 1.045455 0.468750 0.781818 0.670313 1.000000
0.500000 0.781818 0.671995 1.045455 0.468750 0.781818 0.670313 1.000000 0.500000 0.781818 0.683774 1.000000
0.468750 0.781818 0.670313 1.000000 0.500000 0.781818 0.683774 1.000000 0.531250 0.781818 0.726442 1.045455
0.500000 0.781818 0.683774 1.000000 0.531250 0.781818 0.726442 1.045455 0.500000 0.781818 0.687500 1.045455
0.531250 0.781818 0.726442 1.045455 0.500000 0.781818 0.687500 1.045455 0.500000 0.800000 0.699639 1.000000
0.500000 0.781818 0.687500 1.045455 0.500000 0.800000 0.699639 1.000000 0.500000 0.836364 0.756611 1.090909
0.500000 0.800000 0.699639 1.000000 0.500000 0.836364 0.756611 1.090909 0.500000 0.854545 0.753245 1.090909
0.500000 0.836364 0.756611 1.090909 0.500000 0.854545 0.753245 1.090909 0.468750 0.909091 0.815144 1.318182
0.500000 0.854545 0.753245 1.090909 0.468750 0.909091 0.815144 1.318182 0.468750 0.890909 0.757332 1.272727
0.468750 0.909091 0.815144 1.318182 0.468750 0.890909 0.757332 1.272727 0.500000 0.890909 0.817909 1.272727
0.468750 0.890909 0.757332 1.272727 0.500000 0.890909 0.817909 1.272727 0.500000 0.890909 0.813101 1.318182
0.500000 0.890909 0.817909 1.272727 0.500000 0.890909 0.813101 1.318182 0.500000 0.872727 0.803005 1.227273
0.500000 0.890909 0.813101 1.318182 0.500000 0.872727 0.803005 1.227273 0.500000 0.872727 0.793269 1.272727
0.500000 0.872727 0.803005 1.227273 0.500000 0.872727 0.793269 1.272727 0.531250 0.854545 0.779447 1.318182
0.500000 0.872727 0.793269 1.272727 0.531250 0.854545 0.779447 1.318182 0.500000 0.854545 0.728005 1.227273
0.531250 0.854545 0.779447 1.318182 0.500000 0.854545 0.728005 1.227273 0.500000 0.854545 0.730889 1.227273
0.500000 0.854545 0.728005 1.227273 0.500000 0.854545 0.730889 1.227273 0.500000 0.854545 0.760817 1.227273
0.500000 0.854545 0.730889 1.227273 0.500000 0.854545 0.760817 1.227273 0.500000 0.854545 0.723918 1.181818
0.500000 0.854545 0.760817 1.227273 0.500000 0.854545 0.723918 1.181818 0.562500 0.854545 0.840865 1.272727
0.500000 0.854545 0.723918 1.181818 0.562500 0.854545 0.840865 1.272727 0.562500 0.854545 0.796034 1.227273
0.562500 0.854545 0.840865 1.272727 0.562500 0.854545 0.796034 1.227273 0.531250 0.854545 0.819231 1.272727
0.562500 0.854545 0.796034 1.227273 0.531250 0.854545 0.819231 1.272727 0.531250 0.854545 0.771154 1.272727
0.531250 0.854545 0.819231 1.272727 0.531250 0.854545 0.771154 1.272727 0.531250 0.854545 0.740024 1.318182
0.531250 0.854545 0.771154 1.272727 0.531250 0.854545 0.740024 1.318182 0.531250 0.854545 0.736779 1.318182
0.531250 0.854545 0.740024 1.318182 0.531250 0.854545 0.736779 1.318182 0.531250 0.854545 0.763822 1.227273
0.531250 0.854545 0.736779 1.318182 0.531250 0.854545 0.763822 1.227273 0.531250 0.854545 0.768029 1.272727
0.531250 0.854545 0.763822 1.227273 0.531250 0.854545 0.768029 1.272727 0.531250 0.854545 0.800841 1.272727
0.531250 0.854545 0.768029 1.272727 0.531250 0.854545 0.800841 1.272727 0.531250 0.800000 0.690505 1.181818
0.531250 0.854545 0.800841 1.272727 0.531250 0.800000 0.690505 1.181818 0.562500 0.600000 0.704327 0.681818
0.531250 0.800000 0.690505 1.181818 0.562500 0.600000 0.704327 0.681818 0.625000 0.509091 0.656490 0.454545
0.562500 0.600000 0.704327 0.681818 0.625000 0.509091 0.656490 0.454545 0.687500 0.472727 0.643510 0.363636
0.625000 0.509091 0.656490 0.454545 0.687500 0.472727 0.643510 0.363636 0.687500 0.454545 0.629447 0.318182
0.687500 0.472727 0.643510 0.363636 0.687500 0.454545 0.629447 0.318182 0.687500 0.454545 0.629687 0.363636
0.687500 0.454545 0.629447 0.318182 0.687500 0.454545 0.629687 0.363636 0.687500 0.272727 0.068990 0.363636
0.687500 0.454545 0.629687 0.363636 0.687500 0.272727 0.068990 0.363636 0.687500 0.127273 0.000000 0.363636
0.687500 0.272727 0.068990 0.363636 0.687500 0.127273 0.000000 0.363636 0.718750 0.127273 0.000000 0.363636
0.687500 0.127273 0.000000 0.363636 0.718750 0.127273 0.000000 0.363636 0.656250 0.145455 0.000000 0.409091
0.718750 0.127273 0.000000 0.363636 0.656250 0.145455 0.000000 0.409091 0.531250 0.327273 0.154447 0.590909
0.656250 0.145455 0.000000 0.409091 0.531250 0.327273 0.154447 0.590909 0.562500 0.527273 0.481611 0.818182
0.531250 0.327273 0.154447 0.590909 0.562500 0.527273 0.481611 0.818182 0.531250 0.618182 0.548558 0.954545
0.562500 0.527273 0.481611 0.818182 0.531250 0.618182 0.548558 0.954545 0.562500 0.654545 0.577284 1.045455
0.531250 0.618182 0.548558 0.954545 0.562500 0.654545 0.577284 1.045455 0.562500 0.654545 0.581250 1.000000
0.562500 0.654545 0.577284 1.045455 0.562500 0.654545 0.581250 1.000000 0.562500 0.654545 0.575601 1.045455
0.562500 0.654545 0.581250 1.000000 0.562500 0.654545 0.575601 1.045455 0.531250 0.654545 0.571875 1.000000
0.562500 0.654545 0.575601 1.045455 0.531250 0.654545 0.571875 1.000000 0.562500 0.654545 0.588942 1.045455
0.531250 0.654545 0.571875 1.000000 0.562500 0.654545 0.588942 1.045455 0.562500 0.654545 0.587139 1.000000
0.562500 0.654545 0.588942 1.045455 0.562500 0.654545 0.587139 1.000000 0.531250 0.690909 0.605048 1.090909
0.562500 0.654545 0.587139 1.000000 0.531250 0.690909 0.605048 1.090909 0.531250 0.727273 0.641106 1.181818
0.531250 0.690909 0.605048 1.090909 0.531250 0.727273 0.641106 1.181818 0.531250 0.727273 0.678846 1.136364
0.531250 0.727273 0.641106 1.181818 0.531250 0.727273 0.678846 1.136364 0.500000 0.745455 0.677043 1.136364
0.531250 0.727273 0.678846 1.136364 0.500000 0.745455 0.677043 1.136364 0.500000 0.745455 0.638702 1.090909
0.500000 0.745455 0.677043 1.136364 0.500000 0.745455 0.638702 1.090909 0.500000 0.763636 0.667067 1.090909
0.500000 0.745455 0.638702 1.090909 0.500000 0.763636 0.667067 1.090909 0.468750 0.781818 0.717188 1.181818
0.500000 0.763636 0.667067 1.090909 0.468750 0.781818 0.717188 1.181818 0.468750 0.800000 0.697236 1.136364
0.468750 0.781818 0.717188 1.181818 0.468750 0.800000 0.697236 1.136364 0.468750 0.781818 0.689062 1.090909
0.468750 0.800000 0.697236 1.136364 0.468750 0.781818 0.689062 1.090909 0.468750 0.781818 0.681130 1.090909
0.468750 0.781818 0.689062 1.090909 0.468750 0.781818 0.681130 1.090909 0.468750 0.781818 0.670913 1.136364
0.468750 0.781818 0.681130 1.090909 0.468750 0.781818 0.670913 1.136364 0.468750 0.781818 0.669832 1.045455
0.468750 0.781818 0.670913 1.136364 0.468750 0.781818 0.669832 1.045455 0.500000 0.781818 0.683413 1.045455
0.468750 0.781818 0.669832 1.045455 0.500000 0.781818 0.683413 1.045455 0.468750 0.818182 0.702644 1.136364
0.500000 0.781818 0.683413 1.045455 0.468750 0.818182 0.702644 1.136364 0.468750 0.836364 0.751683 1.136364
0.468750 0.818182 0.702644 1.136364 0.468750 0.836364 0.751683 1.136364 0.468750 0.836364 0.726442 1.136364
0.468750 0.836364 0.751683 1.136364 0.468750 0.836364 0.726442 1.136364 0.468750 0.836364 0.756611 1.181818
0.468750 0.836364 0.726442 1.136364 0.468750 0.836364 0.756611 1.181818 0.500000 0.763636 0.651442 1.090909
0.468750 0.836364 0.756611 1.181818 0.500000 0.763636 0.651442 1.090909 0.531250 0.745455 0.648317 1.090909
0.500000 0.763636 0.651442 1.090909 0.531250 0.745455 0.648317 1.090909 0.562500 0.690909 0.619231 1.045455
0.531250 0.745455 0.648317 1.090909 0.562500 0.690909 0.619231 1.045455 0.593750 0.509091 0.431731 0.772727
0.562500 0.690909 0.619231 1.045455 0.593750 0.509091 0.431731 0.772727 0.625000 0.327273 0.196995 0.590909
0.593750 0.509091 0.431731 0.772727 0.625000 0.327273 0.196995 0.590909 0.625000 0.272727 0.117548 0.590909
0.625000 0.327273 0.196995 0.590909 0.625000 0.272727 0.117548 0.590909 0.562500 0.363636 0.260216 0.636364
0.625000 0.272727 0.117548 0.590909 0.562500 0.363636 0.260216 0.636364 0.562500 0.400000 0.280769 0.727273
0.562500 0.363636 0.260216 0.636364 0.562500 0.400000 0.280769 0.727273 0.562500 0.418182 0.369351 0.681818
0.562500 0.400000 0.280769 0.727273 0.562500 0.418182 0.369351 0.681818 0.562500 0.436364 0.366587 0.772727
0.562500 0.418182 0.369351 0.681818 0.562500 0.436364 0.366587 0.772727 0.562500 0.454545 0.352043 0.727273
0.562500 0.436364 0.366587 0.772727 0.562500 0.454545 0.352043 0.727273 0.531250 0.527273 0.467788 0.818182
0.562500 0.454545 0.352043 0.727273 0.531250 0.527273 0.467788 0.818182 0.531250 0.581818 0.513101 0.863636
0.531250 0.527273 0.467788 0.818182 0.531250 0.581818 0.513101 0.863636 0.531250 0.600000 0.540505 0.909091
0.531250 0.581818 0.513101 0.863636 0.531250 0.600000 0.540505 0.909091 0.531250 0.600000 0.528486 0.863636
0.531250 0.600000 0.540505 0.909091 0.531250 0.600000 0.528486 0.863636 0.500000 0.618182 0.535216 0.863636
0.531250 0.600000 0.528486 0.863636 0.500000 0.618182 0.535216 0.863636 0.531250 0.600000 0.533774 0.863636
0.500000 0.618182 0.535216 0.863636 0.531250 0.600000 0.533774 0.863636 0.562500 0.600000 0.524159 1.000000
0.531250 0.600000 0.533774 0.863636 0.562500 0.600000 0.524159 1.000000 0.562500 0.563636 0.501202 0.863636
0.562500 0.600000 0.524159 1.000000 0.562500 0.563636 0.501202 0.863636 0.625000 0.054545 0.000000 0.272727
0.562500 0.563636 0.501202 0.863636 0.625000 0.054545 0.000000 0.272727 0.656250 0.109091 0.000000 0.272727
0.625000 0.054545 0.000000 0.272727 0.656250 0.109091 0.000000 0.272727 0.687500 0.090909 0.000000 0.227273
0.656250 0.109091 0.000000 0.272727 0.687500 0.090909 0.000000 0.227273 0.687500 0.109091 0.000000 0.272727
0.687500 0.090909 0.000000 0.227273 0.687500 0.109091 0.000000 0.272727 0.656250 0.109091 0.000000 0.318182
0.687500 0.109091 0.000000 0.272727 0.656250 0.109091 0.000000 0.318182 0.656250 0.109091 0.000000 0.363636
0.656250 0.109091 0.000000 0.318182 0.656250 0.109091 0.000000 0.363636 0.656250 0.109091 0.000000 0.318182
0.656250 0.109091 0.000000 0.363636 0.656250 0.109091 0.000000 0.318182 0.687500 0.127273 0.000000 0.363636
0.656250 0.109091 0.000000 0.318182 0.687500 0.127273 0.000000 0.363636 0.687500 0.127273 0.000000 0.363636
0.687500 0.127273 0.000000 0.363636 0.687500 0.127273 0.000000 0.363636 0.593750 0.181818 0.015264 0.409091
0.687500 0.127273 0.000000 0.363636 0.593750 0.181818 0.015264 0.409091 0.468750 0.345455 0.092188 0.590909
0.593750 0.181818 0.015264 0.409091 0.468750 0.345455 0.092188 0.590909 0.531250 0.381818 0.246635 0.545455
0.468750 0.345455 0.092188 0.590909 0.531250 0.381818 0.246635 0.545455 0.593750 0.345455 0.218510 0.545455
0.531250 0.381818 0.246635 0.545455 0.593750 0.345455 0.218510 0.545455 0.562500 0.345455 0.178125 0.545455
0.593750 0.345455 0.218510 0.545455 0.562500 0.345455 0.178125 0.545455 0.593750 0.345455 0.205288 0.500000
0.562500 0.345455 0.178125 0.545455 0.593750 0.345455 0.205288 0.500000 0.625000 0.363636 0.253606 0.545455
0.593750 0.345455 0.205288 0.500000 0.625000 0.363636 0.253606 0.545455 0.593750 0.363636 0.269591 0.545455
0.625000 0.363636 0.253606 0.545455 0.593750 0.363636 0.269591 0.545455 0.625000 0.363636 0.278005 0.545455
0.593750 0.363636 0.269591 0.545455 0.625000 0.363636 0.278005 0.545455 0.593750 0.363636 0.263822 0.545455
0.625000 0.363636 0.278005 0.545455 0.593750 0.363636 0.263822 0.545455 0.625000 0.363636 0.254447 0.545455
0.593750 0.363636 0.263822 0.545455 0.625000 0.363636 0.254447 0.545455 0.593750 0.363636 0.240745 0.545455
0.625000 0.363636 0.254447 0.545455 0.593750 0.363636 0.240745 0.545455 0.593750 0.345455 0.176683 0.545455
0.593750 0.363636 0.240745 0.545455 0.593750 0.345455 0.176683 0.545455 0.625000 0.345455 0.229687 0.590909
0.593750 0.345455 0.176683 0.545455 0.625000 0.345455 0.229687 0.590909 0.656250 0.218182 0.016707 0.409091
0.625000 0.345455 0.229687 0.590909 0.656250 0.218182 0.016707 0.409091 0.656250 0.163636 0.012861 0.318182
0.656250 0.218182 0.016707 0.409091 0.656250 0.163636 0.012861 0.318182 0.687500 0.127273 0.000000 0.272727
0.656250 0.163636 0.012861 0.318182 0.687500 0.127273 0.000000 0.272727 0.625000 0.127273 0.000000 0.318182
0.687500 0.127273 0.000000 0.272727 0.625000 0.127273 0.000000 0.318182 0.625000 0.145455 0.000000 0.318182
0.625000 0.127273 0.000000 0.318182 0.625000 0.145455 0.000000 0.318182 0.593750 0.272727 0.046875 0.363636
0.625000 0.145455 0.000000 0.318182 0.593750 0.272727 0.046875 0.363636 0.656250 0.363636 0.290264 0.363636
0.593750 0.272727 0.046875 0.363636 0.656250 0.363636 0.290264 0.363636 0.687500 0.345455 0.238822 0.272727
0.656250 0.363636 0.290264 0.363636 0.687500 0.345455 0.238822 0.272727 0.843750 0.345455 0.340986 0.272727
0.687500 0.345455 0.238822 0.272727 0.843750 0.345455 0.340986 0.272727 0.812500 0.345455 0.346514 0.227273
0.843750 0.345455 0.340986 0.272727 0.812500 0.345455 0.346514 0.227273 0.812500 0.345455 0.363942 0.227273
0.812500 0.345455 0.346514 0.227273 0.812500 0.345455 0.363942 0.227273 0.812500 0.345455 0.288341 0.227273
0.812500 0.345455 0.363942 0.227273 0.812500 0.345455 0.288341 0.227273 0.812500 0.363636 0.357812 0.227273
0.812500 0.345455 0.288341 0.227273 0.812500 0.363636 0.357812 0.227273 0.812500 0.363636 0.356490 0.227273
0.812500 0.363636 0.357812 0.227273 0.812500 0.363636 0.356490 0.227273 0.812500 0.363636 0.354928 0.227273
0.812500 0.363636 0.356490 0.227273 0.812500 0.363636 0.354928 0.227273 0.750000 0.381818 0.354327 0.272727
0.812500 0.363636 0.354928 0.227273 0.750000 0.381818 0.354327 0.272727 0.781250 0.400000 0.399399 0.272727
0.750000 0.381818 0.354327 0.272727 0.781250 0.400000 0.399399 0.272727 0.781250 0.400000 0.405769 0.272727
0.781250 0.400000 0.399399 0.272727 0.781250 0.400000 0.405769 0.272727 0.781250 0.418182 0.420553 0.272727
0.781250 0.400000 0.405769 0.272727 0.781250 0.418182 0.420553 0.272727 0.781250 0.400000 0.409856 0.272727
0.781250 0.418182 0.420553 0.272727 0.781250 0.400000 0.409856 0.272727 0.718750 0.418182 0.419591 0.318182
0.781250 0.400000 0.409856 0.272727 0.718750 0.418182 0.419591 0.318182 0.718750 0.454545 0.437260 0.363636
0.718750 0.418182 0.419591 0.318182 0.718750 0.454545 0.437260 0.363636 0.718750 0.472727 0.470913 0.363636
0.718750 0.454545 0.437260 0.363636 0.718750 0.472727 0.470913 0.363636 0.718750 0.454545 0.455769 0.363636
0.718750 0.472727 0.470913 0.363636 0.718750 0.454545 0.455769 0.363636 0.718750 0.436364 0.433534 0.318182
0.718750 0.454545 0.455769 0.363636 0.718750 0.436364 0.433534 0.318182 0.750000 0.436364 0.441707 0.363636
0.718750 0.436364 0.433534 0.318182 0.750000 0.436364 0.441707 0.363636 0.718750 0.418182 0.417668 0.318182
0.750000 0.436364 0.441707 0.363636 0.718750 0.418182 0.417668 0.318182 0.687500 0.400000 0.396154 0.318182
0.718750 0.418182 0.417668 0.318182 0.687500 0.400000 0.396154 0.318182 0.687500 0.436364 0.420793 0.363636
0.687500 0.400000 0.396154 0.318182 0.687500 0.436364 0.420793 0.363636 0.687500 0.418182 0.411418 0.318182
0.687500 0.436364 0.420793 0.363636 0.687500 0.418182 0.411418 0.318182 0.718750 0.400000 0.404687 0.318182
0.687500 0.418182 0.411418 0.318182 0.718750 0.400000 0.404687 0.318182 0.718750 0.381818 0.360697 0.318182
0.718750 0.400000 0.404687 0.318182 0.718750 0.381818 0.360697 0.318182 0.718750 0.345455 0.320192 0.272727
0.718750 0.381818 0.360697 0.318182 0.718750 0.345455 0.320192 0.272727 0.781250 0.309091 0.283894 0.227273
0.718750 0.345455 0.320192 0.272727 0.781250 0.309091 0.283894 0.227273 0.750000 0.290909 0.256010 0.227273
0.781250 0.309091 0.283894 0.227273 0.750000 0.290909 0.256010 0.227273 0.750000 0.290909 0.259976 0.227273
0.750000 0.290909 0.256010 0.227273 0.750000 0.290909 0.259976 0.227273 0.718750 0.272727 0.178365 0.181818
0.750000 0.290909 0.259976 0.227273 0.718750 0.272727 0.178365 0.181818 0.781250 0.290909 0.269231 0.227273
0.718750 0.272727 0.178365 0.181818 0.781250 0.290909 0.269231 0.227273 0.750000 0.290909 0.204447 0.227273
0.781250 0.290909 0.269231 0.227273 0.750000 0.290909 0.204447 0.227273 0.750000 0.290909 0.255288 0.227273
0.750000 0.290909 0.204447 0.227273 0.750000 0.290909 0.255288 0.227273 0.750000 0.290909 0.261298 0.227273
0.750000 0.290909 0.255288 0.227273 0.750000 0.290909 0.261298 0.227273 0.750000 0.290909 0.256370 0.227273
0.750000 0.290909 0.261298 0.227273 0.750000 0.290909 0.256370 0.227273 0.687500 0.363636 0.322716 0.272727
0.750000 0.290909 0.256370 0.227273 0.687500 0.363636 0.322716 0.272727 0.750000 0.436364 0.431731 0.272727
0.687500 0.363636 0.322716 0.272727 0.750000 0.436364 0.431731 0.272727 0.718750 0.454545 0.449038 0.318182
0.750000 0.436364 0.431731 0.272727 0.718750 0.454545 0.449038 0.318182 0.718750 0.472727 0.468510 0.318182
0.718750 0.454545 0.449038 0.318182 0.718750 0.472727 0.468510 0.318182 0.718750 0.454545 0.454447 0.318182
0.718750 0.472727 0.468510 0.318182 0.718750 0.454545 0.454447 0.318182 0.750000 0.454545 0.458173 0.318182
0.718750 0.454545 0.454447 0.318182 0.750000 0.454545 0.458173 0.318182 0.718750 0.454545 0.459856 0.318182
0.750000 0.454545 0.458173 0.318182 0.718750 0.454545 0.459856 0.318182 0.718750 0.454545 0.465625 0.318182
0.718750 0.454545 0.459856 0.318182 0.718750 0.454545 0.465625 0.318182 0.718750 0.454545 0.455168 0.363636
0.718750 0.454545 0.465625 0.318182 0.718750 0.454545 0.455168 0.363636 0.718750 0.454545 0.452284 0.363636
0.718750 0.454545 0.455168 0.363636 0.718750 0.454545 0.452284 0.363636 0.687500 0.454545 0.443990 0.363636
0.718750 0.454545 0.452284 0.363636 0.687500 0.454545 0.443990 0.363636 0.656250 0.454545 0.433293 0.409091
0.687500 0.454545 0.443990 0.363636 0.656250 0.454545 0.433293 0.409091 0.468750 0.418182 0.295072 0.636364
0.656250 0.454545 0.433293 0.409091 0.468750 0.418182 0.295072 0.636364 0.343750 0.400000 0.198197 0.681818
0.468750 0.418182 0.295072 0.636364 0.343750 0.400000 0.198197 0.681818 0.281250 0.400000 0.172957 0.727273
0.343750 0.400000 0.198197 0.681818 0.281250 0.400000 0.172957 0.727273 0.250000 0.381818 0.067909 0.727273
0.281250 0.400000 0.172957 0.727273 0.250000 0.381818 0.067909 0.727273 0.281250 0.363636 0.105889 0.636364
0.250000 0.381818 0.067909 0.727273 0.281250 0.363636 0.105889 0.636364 0.312500 0.400000 0.192548 0.727273
0.281250 0.363636 0.105889 0.636364 0.312500 0.400000 0.192548 0.727273 0.312500 0.400000 0.275000 0.727273
0.312500 0.400000 0.192548 0.727273 0.312500 0.400000 0.275000 0.727273 0.312500 0.381818 0.253606 0.727273
0.312500 0.400000 0.275000 0.727273 0.312500 0.381818 0.253606 0.727273 0.343750 0.381818 0.161058 0.727273
0.312500 0.381818 0.253606 0.727273 0.343750 0.381818 0.161058 0.727273 0.281250 0.381818 0.165986 0.727273
0.343750 0.381818 0.161058 0.727273 0.281250 0.381818 0.165986 0.727273 0.281250 0.381818 0.169351 0.727273
0.281250 0.381818 0.165986 0.727273 0.281250 0.381818 0.169351 0.727273 0.281250 0.381818 0.229687 0.727273
0.281250 0.381818 0.169351 0.727273 0.281250 0.381818 0.229687 0.727273 0.375000 0.381818 0.228966 0.636364
0.281250 0.381818 0.229687 0.727273 0.375000 0.381818 0.228966 0.636364 0.562500 0.218182 0.019712 0.454545
0.375000 0.381818 0.228966 0.636364 0.562500 0.218182 0.019712 0.454545 0.593750 0.145455 0.000000 0.318182
0.562500 0.218182 0.019712 0.454545 0.593750 0.145455 0.000000 0.318182 0.593750 0.109091 0.000000 0.272727
0.593750 0.145455 0.000000 0.318182 0.593750 0.109091 0.000000 0.272727 0.593750 0.109091 0.000000 0.272727
0.593750 0.109091 0.000000 0.272727 0.593750 0.109091 0.000000 0.272727 0.593750 0.127273 0.000000 0.318182
0.593750 0.109091 0.000000 0.272727 0.593750 0.127273 0.000000 0.318182 0.625000 0.127273 0.000000 0.318182
0.593750 0.127273 0.000000 0.318182 0.625000 0.127273 0.000000 0.318182 0.625000 0.127273 0.000000 0.318182
0.625000 0.127273 0.000000 0.318182 0.625000 0.127273 0.000000 0.318182 0.593750 0.127273 0.000000 0.318182
0.625000 0.127273 0.000000 0.318182 0.593750 0.127273 0.000000 0.318182 0.562500 0.145455 0.000000 0.318182
0.593750 0.127273 0.000000 0.318182 0.562500 0.145455 0.000000 0.318182 0.531250 0.345455 0.220793 0.590909
0.562500 0.145455 0.000000 0.318182 0.531250 0.345455 0.220793 0.590909 0.500000 0.490909 0.419712 0.636364
0.531250 0.345455 0.220793 0.590909 0.500000 0.490909 0.419712 0.636364 0.562500 0.509091 0.458774 0.636364
0.500000 0.490909 0.419712 0.636364 0.562500 0.509091 0.458774 0.636364 0.531250 0.545455 0.493990 0.681818
0.562500 0.509091 0.458774 0.636364 0.531250 0.545455 0.493990 0.681818 0.531250 0.581818 0.516947 0.681818
0.531250 0.545455 0.493990 0.681818 0.531250 0.581818 0.516947 0.681818 0.562500 0.581818 0.525962 0.681818
0.531250 0.581818 0.516947 0.681818 0.562500 0.581818 0.525962 0.681818 0.531250 0.600000 0.547957 0.727273
0.562500 0.581818 0.525962 0.681818 0.531250 0.600000 0.547957 0.727273 0.531250 0.636364 0.573438 0.727273
0.531250 0.600000 0.547957 0.727273 0.531250 0.636364 0.573438 0.727273 0.531250 0.654545 0.600841 0.727273
0.531250 0.636364 0.573438 0.727273 0.531250 0.654545 0.600841 0.727273 0.531250 0.690909 0.628125 0.772727
0.531250 0.654545 0.600841 0.727273 0.531250 0.690909 0.628125 0.772727 0.468750 0.781818 0.670433 1.090909
0.531250 0.690909 0.628125 0.772727 0.468750 0.781818 0.670433 1.090909 0.437500 0.872727 0.821755 1.181818
0.468750 0.781818 0.670433 1.090909 0.437500 0.872727 0.821755 1.181818 0.312500 1.018182 0.814904 1.318182
0.437500 0.872727 0.821755 1.181818 0.312500 1.018182 0.814904 1.318182 0.375000 1.036364 0.854207 1.363636
0.312500 1.018182 0.814904 1.318182 0.375000 1.036364 0.854207 1.363636 0.375000 1.018182 0.889183 1.318182
0.375000 1.036364 0.854207 1.363636 0.375000 1.018182 0.889183 1.318182 0.375000 1.036364 0.852524 1.363636
0.375000 1.018182 0.889183 1.318182 0.375000 1.036364 0.852524 1.363636 0.375000 1.036364 0.850000 1.363636
0.375000 1.036364 0.852524 1.363636 0.375000 1.036364 0.850000 1.363636 0.375000 1.072727 0.949519 1.409091
0.375000 1.036364 0.850000 1.363636 0.375000 1.072727 0.949519 1.409091 0.343750 1.090909 0.927043 1.363636
0.375000 1.072727 0.949519 1.409091 0.343750 1.090909 0.927043 1.363636 0.343750 1.090909 0.932212 1.363636
0.343750 1.090909 0.927043 1.363636 0.343750 1.090909 0.932212 1.363636 0.312500 1.072727 0.871274 1.363636
0.343750 1.090909 0.932212 1.363636 0.312500 1.072727 0.871274 1.363636 0.343750 1.072727 0.877885 1.363636
0.312500 1.072727 0.871274 1.363636 0.343750 1.072727 0.877885 1.363636 0.406250 0.981818 0.870913 1.318182
0.343750 1.072727 0.877885 1.363636 0.406250 0.981818 0.870913 1.318182 0.406250 0.890909 0.744231 1.227273
0.406250 0.981818 0.870913 1.318182 0.406250 0.890909 0.744231 1.227273 0.468750 0.818182 0.703245 1.181818
0.406250 0.890909 0.744231 1.227273 0.468750 0.818182 0.703245 1.181818 0.500000 0.709091 0.603486 1.090909
0.468750 0.818182 0.703245 1.181818 0.500000 0.709091 0.603486 1.090909 0.500000 0.672727 0.585216 1.045455
0.500000 0.709091 0.603486 1.090909 0.500000 0.672727 0.585216 1.045455 0.531250 0.654545 0.570553 1.090909
0.500000 0.672727 0.585216 1.045455 0.531250 0.654545 0.570553 1.090909 0.531250 0.636364 0.584255 1.045455
0.531250 0.654545 0.570553 1.090909 0.531250 0.636364 0.584255 1.045455 0.500000 0.636364 0.536659 1.000000
0.531250 0.636364 0.584255 1.045455 0.500000 0.636364 0.536659 1.000000 0.468750 0.636364 0.541587 1.045455
0.500000 0.636364 0.536659 1.000000 0.468750 0.636364 0.541587 1.045455 0.500000 0.654545 0.559495 1.000000
0.468750 0.636364 0.541587 1.045455 0.500000 0.654545 0.559495 1.000000 0.500000 0.654545 0.559976 1.000000
0.500000 0.654545 0.559495 1.000000 0.500000 0.654545 0.559976 1.000000 0.500000 0.654545 0.560457 1.045455
0.500000 0.654545 0.559976 1.000000 0.500000 0.654545 0.560457 1.045455 0.531250 0.654545 0.599279 1.090909
0.500000 0.654545 0.560457 1.045455 0.531250 0.654545 0.599279 1.090909 0.500000 0.600000 0.513942 1.000000
0.531250 0.654545 0.599279 1.090909 0.500000 0.600000 0.513942 1.000000 0.531250 0.527273 0.453726 0.909091
0.500000 0.600000 0.513942 1.000000 0.531250 0.527273 0.453726 0.909091 0.531250 0.418182 0.354327 0.772727
0.531250 0.527273 0.453726 0.909091 0.531250 0.418182 0.354327 0.772727 0.531250 0.345455 0.184375 0.636364
0.531250 0.418182 0.354327 0.772727 0.531250 0.345455 0.184375 0.636364 0.531250 0.363636 0.279687 0.590909
0.531250 0.345455 0.184375 0.636364 0.531250 0.363636 0.279687 0.590909 0.531250 0.400000 0.334135 0.727273
0.531250 0.363636 0.279687 0.590909 0.531250 0.400000 0.334135 0.727273 0.500000 0.490909 0.412139 0.863636
0.531250 0.400000 0.334135 0.727273 0.500000 0.490909 0.412139 0.863636 0.406250 0.400000 0.302284 1.136364
0.500000 0.490909 0.412139 0.863636 0.406250 0.400000 0.302284 1.136364 0.406250 0.581818 0.463702 1.136364
0.406250 0.400000 0.302284 1.136364 0.406250 0.581818 0.463702 1.136364 0.375000 0.781818 0.675361 1.045455
0.406250 0.581818 0.463702 1.136364 0.375000 0.781818 0.675361 1.045455 0.406250 0.872727 0.724880 1.227273
0.375000 0.781818 0.675361 1.045455 0.406250 0.872727 0.724880 1.227273 0.406250 0.854545 0.700601 1.227273
0.406250 0.872727 0.724880 1.227273 0.406250 0.854545 0.700601 1.227273 0.406250 0.854545 0.715505 1.136364
0.406250 0.854545 0.700601 1.227273 0.406250 0.854545 0.715505 1.136364 0.406250 0.854545 0.709615 1.136364
0.406250 0.854545 0.715505 1.136364 0.406250 0.854545 0.709615 1.136364 0.500000 0.672727 0.737620 0.772727
0.406250 0.854545 0.709615 1.136364 0.500000 0.672727 0.737620 0.772727 0.562500 0.545455 0.667548 0.454545
0.500000 0.672727 0.737620 0.772727 0.562500 0.545455 0.667548 0.454545 0.593750 0.509091 0.649519 0.409091
0.562500 0.545455 0.667548 0.454545 0.593750 0.509091 0.649519 0.409091 0.593750 0.490909 0.637019 0.409091
0.593750 0.509091 0.649519 0.409091 0.593750 0.490909 0.637019 0.409091 0.593750 0.490909 0.637500 0.409091
0.593750 0.490909 0.637019 0.409091 0.593750 0.490909 0.637500 0.409091 0.593750 0.309091 0.121394 0.409091
0.593750 0.490909 0.637500 0.409091 0.593750 0.309091 0.121394 0.409091 0.593750 0.127273 0.000000 0.318182
0.593750 0.309091 0.121394 0.409091 0.593750 0.127273 0.000000 0.318182 0.562500 0.145455 0.000000 0.363636
0.593750 0.127273 0.000000 0.318182 0.562500 0.145455 0.000000 0.363636 0.562500 0.181818 0.000000 0.409091
0.562500 0.145455 0.000000 0.363636 0.562500 0.181818 0.000000 0.409091 0.500000 0.290909 0.094471 0.500000
0.562500 0.181818 0.000000 0.409091 0.500000 0.290909 0.094471 0.500000 0.468750 0.381818 0.283173 0.590909
0.500000 0.290909 0.094471 0.500000 0.468750 0.381818 0.283173 0.590909 0.500000 0.400000 0.275721 0.590909
0.468750 0.381818 0.283173 0.590909 0.500000 0.400000 0.275721 0.590909 0.500000 0.418182 0.323197 0.636364
0.500000 0.400000 0.275721 0.590909 0.500000 0.418182 0.323197 0.636364 0.500000 0.418182 0.315144 0.636364
0.500000 0.418182 0.323197 0.636364 0.500000 0.418182 0.315144 0.636364 0.500000 0.418182 0.365745 0.636364
0.500000 0.418182 0.315144 0.636364 0.500000 0.418182 0.365745 0.636364 0.531250 0.418182 0.346034 0.636364
0.500000 0.418182 0.365745 0.636364 0.531250 0.418182 0.346034 0.636364 0.531250 0.436364 0.353966 0.636364
0.531250 0.418182 0.346034 0.636364 0.531250 0.436364 0.353966 0.636364 0.500000 0.436364 0.351442 0.636364
0.531250 0.436364 0.353966 0.636364 0.500000 0.436364 0.351442 0.636364 0.500000 0.472727 0.368149 0.681818
0.500000 0.436364 0.351442 0.636364 0.500000 0.472727 0.368149 0.681818 0.531250 0.472727 0.424159 0.681818
0.500000 0.472727 0.368149 0.681818 0.531250 0.472727 0.424159 0.681818 0.500000 0.490909 0.428365 0.681818
0.531250 0.472727 0.424159 0.681818 0.500000 0.490909 0.428365 0.681818 0.500000 0.527273 0.465505 0.727273
0.500000 0.490909 0.428365 0.681818 0.500000 0.527273 0.465505 0.727273 0.500000 0.527273 0.460817 0.772727
0.500000 0.527273 0.465505 0.727273 0.500000 0.527273 0.460817 0.772727 0.468750 0.527273 0.466226 0.727273
0.500000 0.527273 0.460817 0.772727 0.468750 0.527273 0.466226 0.727273 0.500000 0.545455 0.475240 0.863636
0.468750 0.527273 0.466226 0.727273 0.500000 0.545455 0.475240 0.863636 0.500000 0.545455 0.484495 0.818182
0.500000 0.545455 0.475240 0.863636 0.500000 0.545455 0.484495 0.818182 0.500000 0.563636 0.511538 0.772727
0.500000 0.545455 0.484495 0.818182 0.500000 0.563636 0.511538 0.772727 0.437500 0.581818 0.508654 0.772727
0.500000 0.563636 0.511538 0.772727 0.437500 0.581818 0.508654 0.772727 0.500000 0.581818 0.507452 0.909091
0.437500 0.581818 0.508654 0.772727 0.500000 0.581818 0.507452 0.909091 0.468750 0.600000 0.521635 0.772727
0.500000 0.581818 0.507452 0.909091 0.468750 0.600000 0.521635 0.772727 0.500000 0.600000 0.529688 0.818182
0.468750 0.600000 0.521635 0.772727 0.500000 0.600000 0.529688 0.818182 0.531250 0.600000 0.519832 0.954545
0.500000 0.600000 0.529688 0.818182 0.531250 0.600000 0.519832 0.954545 0.531250 0.618182 0.541827 0.863636
0.531250 0.600000 0.519832 0.954545 0.531250 0.618182 0.541827 0.863636 0.562500 0.618182 0.552404 0.863636
0.531250 0.618182 0.541827 0.863636 0.562500 0.618182 0.552404 0.863636 0.562500 0.618182 0.544832 0.954545
0.562500 0.618182 0.552404 0.863636 0.562500 0.618182 0.544832 0.954545 0.562500 0.636364 0.573798 0.909091
0.562500 0.618182 0.544832 0.954545 0.562500 0.636364 0.573798 0.909091 0.593750 0.654545 0.582332 1.045455
0.562500 0.636364 0.573798 0.909091 0.593750 0.654545 0.582332 1.045455 0.593750 0.654545 0.621154 1.045455
0.593750 0.654545 0.582332 1.045455 0.593750 0.654545 0.621154 1.045455 0.593750 0.654545 0.572236 1.045455
0.593750 0.654545 0.621154 1.045455 0.593750 0.654545 0.572236 1.045455 0.625000 0.654545 0.598077 1.090909
0.593750 0.654545 0.572236 1.045455 0.625000 0.654545 0.598077 1.090909 0.625000 0.690909 0.654327 1.090909
0.625000 0.654545 0.598077 1.090909 0.625000 0.690909 0.654327 1.090909 0.656250 0.672727 0.617668 1.090909
0.625000 0.690909 0.654327 1.090909 0.656250 0.672727 0.617668 1.090909 0.656250 0.690909 0.700601 1.136364
0.656250 0.672727 0.617668 1.090909 0.656250 0.690909 0.700601 1.136364 0.656250 0.690909 0.697957 1.136364
0.656250 0.690909 0.700601 1.136364 0.656250 0.690909 0.697957 1.136364 0.656250 0.709091 0.699639 1.136364
0.656250 0.690909 0.697957 1.136364 0.656250 0.709091 0.699639 1.136364 0.687500 0.709091 0.706370 1.181818
0.656250 0.709091 0.699639 1.136364 0.687500 0.709091 0.706370 1.181818 0.656250 0.709091 0.704687 1.090909
0.687500 0.709091 0.706370 1.181818 0.656250 0.709091 0.704687 1.090909 0.656250 0.690909 0.668750 1.136364
0.656250 0.709091 0.704687 1.090909 0.656250 0.690909 0.668750 1.136364 0.687500 0.709091 0.729207 1.181818
0.656250 0.690909 0.668750 1.136364 0.687500 0.709091 0.729207 1.181818 0.687500 0.709091 0.700841 1.136364
0.687500 0.709091 0.729207 1.181818 0.687500 0.709091 0.700841 1.136364 0.656250 0.709091 0.651803 1.136364
0.687500 0.709091 0.700841 1.136364 0.656250 0.709091 0.651803 1.136364 0.656250 0.709091 0.654207 1.181818
0.656250 0.709091 0.651803 1.136364 0.656250 0.709091 0.654207 1.181818 0.656250 0.709091 0.628846 1.090909
0.656250 0.709091 0.654207 1.181818 0.656250 0.709091 0.628846 1.090909 0.687500 0.690909 0.669712 1.090909
0.656250 0.709091 0.628846 1.090909 0.687500 0.690909 0.669712 1.090909 0.687500 0.690909 0.683053 1.090909
0.687500 0.690909 0.669712 1.090909 0.687500 0.690909 0.683053 1.090909 0.656250 0.672727 0.619471 1.000000
0.687500 0.690909 0.683053 1.090909 0.656250 0.672727 0.619471 1.000000 0.750000 0.127273 0.000000 0.363636
0.656250 0.672727 0.619471 1.000000 0.750000 0.127273 0.000000 0.363636 0.750000 0.163636 0.043149 0.363636
0.750000 0.127273 0.000000 0.363636 0.750000 0.163636 0.043149 0.363636 0.812500 0.163636 0.017668 0.409091
0.750000 0.163636 0.043149 0.363636 0.812500 0.163636 0.017668 0.409091 0.812500 0.145455 0.018510 0.363636
0.812500 0.163636 0.017668 0.409091 0.812500 0.145455 0.018510 0.363636 0.812500 0.163636 0.033534 0.409091
0.812500 0.145455 0.018510 0.363636 0.812500 0.163636 0.033534 0.409091 0.781250 0.163636 0.037139 0.409091
0.812500 0.163636 0.033534 0.409091 0.781250 0.163636 0.037139 0.409091 0.812500 0.163636 0.014303 0.409091
0.781250 0.163636 0.037139 0.409091 0.812500 0.163636 0.014303 0.409091 0.812500 0.163636 0.022356 0.409091
0.812500 0.163636 0.014303 0.409091 0.812500 0.163636 0.022356 0.409091 0.843750 0.163636 0.037260 0.409091
0.812500 0.163636 0.022356 0.409091 0.843750 0.163636 0.037260 0.409091 0.812500 0.163636 0.063221 0.409091
0.843750 0.163636 0.037260 0.409091 0.812500 0.163636 0.063221 0.409091 0.812500 0.163636 0.029687 0.409091
0.812500 0.163636 0.063221 0.409091 0.812500 0.163636 0.029687 0.409091 0.812500 0.163636 0.017548 0.409091
0.812500 0.163636 0.029687 0.409091 0.812500 0.163636 0.017548 0.409091 0.812500 0.163636 0.028606 0.454545
0.812500 0.163636 0.017548 0.409091 0.812500 0.163636 0.028606 0.454545 0.781250 0.145455 0.000000 0.409091
0.812500 0.163636 0.028606 0.454545 0.781250 0.145455 0.000000 0.409091 0.750000 0.127273 0.000000 0.409091
0.781250 0.145455 0.000000 0.409091 0.750000 0.127273 0.000000 0.409091 0.718750 0.127273 0.013822 0.409091
0.750000 0.127273 0.000000 0.409091 0.718750 0.127273 0.013822 0.409091 0.718750 0.145455 0.000000 0.409091
0.718750 0.127273 0.013822 0.409091 0.718750 0.145455 0.000000 0.409091 0.718750 0.145455 0.013942 0.454545
0.718750 0.145455 0.000000 0.409091 0.718750 0.145455 0.013942 0.454545 0.718750 0.145455 0.014423 0.454545
0.718750 0.145455 0.013942 0.454545 0.718750 0.145455 0.014423 0.454545 0.718750 0.145455 0.000000 0.454545
0.718750 0.145455 0.014423 0.454545 0.718750 0.145455 0.000000 0.454545 0.687500 0.145455 0.012981 0.454545
0.718750 0.145455 0.000000 0.454545 0.687500 0.145455 0.012981 0.454545 0.687500 0.127273 0.000000 0.409091
0.687500 0.145455 0.012981 0.454545 0.687500 0.127273 0.000000 0.409091 0.656250 0.145455 0.014784 0.409091
0.687500 0.127273 0.000000 0.409091 0.656250 0.145455 0.014784 0.409091 0.687500 0.127273 0.000000 0.409091
0.656250 0.145455 0.014784 0.409091 0.687500 0.127273 0.000000 0.409091 0.656250 0.127273 0.000000 0.409091
0.687500 0.127273 0.000000 0.409091 0.656250 0.127273 0.000000 0.409091 0.625000 0.127273 0.000000 0.409091
0.656250 0.127273 0.000000 0.409091 0.625000 0.127273 0.000000 0.409091 0.625000 0.127273 0.000000 0.409091
0.625000 0.127273 0.000000 0.409091 0.625000 0.127273 0.000000 0.409091 0.656250 0.127273 0.012260 0.409091
0.625000 0.127273 0.000000 0.409091 0.656250 0.127273 0.012260 0.409091 0.625000 0.109091 0.012500 0.363636
0.656250 0.127273 0.012260 0.409091 0.625000 0.109091 0.012500 0.363636 0.625000 0.127273 0.000000 0.409091
0.625000 0.109091 0.012500 0.363636 0.625000 0.127273 0.000000 0.409091 0.593750 0.127273 0.000000 0.409091
0.625000 0.127273 0.000000 0.409091 0.593750 0.127273 0.000000 0.409091 0.625000 0.127273 0.000000 0.409091
0.593750 0.127273 0.000000 0.409091 0.625000 0.127273 0.000000 0.409091 0.625000 0.127273 0.000000 0.409091
0.625000 0.127273 0.000000 0.409091 0.625000 0.127273 0.000000 0.409091 0.625000 0.127273 0.000000 0.409091
0.625000 0.127273 0.000000 0.409091 0.625000 0.127273 0.000000 0.409091 0.625000 0.127273 0.000000 0.409091
0.625000 0.127273 0.000000 0.409091 0.625000 0.127273 0.000000 0.409091 0.593750 0.127273 0.000000 0.409091
0.625000 0.127273 0.000000 0.409091 0.593750 0.127273 0.000000 0.409091 0.593750 0.127273 0.000000 0.409091
0.593750 0.127273 0.000000 0.409091 0.593750 0.127273 0.000000 0.409091 0.593750 0.127273 0.000000 0.409091
0.593750 0.127273 0.000000 0.409091 0.593750 0.127273 0.000000 0.409091 0.593750 0.127273 0.000000 0.409091
0.593750 0.127273 0.000000 0.409091 0.593750 0.127273 0.000000 0.409091 0.593750 0.127273 0.000000 0.409091
0.593750 0.127273 0.000000 0.409091 0.593750 0.127273 0.000000 0.409091 0.593750 0.109091 0.000000 0.363636
0.593750 0.127273 0.000000 0.409091 0.593750 0.109091 0.000000 0.363636 0.593750 0.127273 0.000000 0.409091
0.593750 0.109091 0.000000 0.363636 0.593750 0.127273 0.000000 0.409091 0.593750 0.109091 0.000000 0.363636
0.593750 0.127273 0.000000 0.409091 0.593750 0.109091 0.000000 0.363636 0.593750 0.127273 0.000000 0.409091
0.593750 0.109091 0.000000 0.363636 0.593750 0.127273 0.000000 0.409091 0.593750 0.109091 0.000000 0.363636
0.593750 0.127273 0.000000 0.409091 0.593750 0.109091 0.000000 0.363636 0.593750 0.109091 0.000000 0.363636
0.593750 0.109091 0.000000 0.363636 0.593750 0.109091 0.000000 0.363636 0.593750 0.109091 0.000000 0.363636
0.593750 0.109091 0.000000 0.363636 0.593750 0.109091 0.000000 0.363636 0.593750 0.109091 0.000000 0.363636
0.593750 0.109091 0.000000 0.363636 0.593750 0.109091 0.000000 0.363636 0.562500 0.109091 0.000000 0.409091
0.593750 0.109091 0.000000 0.363636 0.562500 0.109091 0.000000 0.409091 0.593750 0.109091 0.000000 0.409091
0.562500 0.109091 0.000000 0.409091 0.593750 0.109091 0.000000 0.409091 0.562500 0.127273 0.000000 0.409091
0.593750 0.109091 0.000000 0.409091 0.562500 0.127273 0.000000 0.409091 0.562500 0.127273 0.000000 0.409091
0.562500 0.127273 0.000000 0.409091 0.562500 0.127273 0.000000 0.409091 0.406250 0.309091 0.063341 0.590909
0.562500 0.127273 0.000000 0.409091 0.406250 0.309091 0.063341 0.590909 0.437500 0.454545 0.359495 0.727273
0.406250 0.309091 0.063341 0.590909 0.437500 0.454545 0.359495 0.727273 0.468750 0.454545 0.367668 0.727273
0.437500 0.454545 0.359495 0.727273 0.468750 0.454545 0.367668 0.727273 0.500000 0.472727 0.398438 0.772727
0.468750 0.454545 0.367668 0.727273 0.500000 0.472727 0.398438 0.772727 0.500000 0.472727 0.407692 0.772727
0.500000 0.472727 0.398438 0.772727 0.500000 0.472727 0.407692 0.772727 0.500000 0.472727 0.412620 0.772727
0.500000 0.472727 0.407692 0.772727 0.500000 0.472727 0.412620 0.772727 0.500000 0.454545 0.381971 0.727273
0.500000 0.472727 0.412620 0.772727 0.500000 0.454545 0.381971 0.727273 0.500000 0.454545 0.387620 0.727273
0.500000 0.454545 0.381971 0.727273 0.500000 0.454545 0.387620 0.727273 0.500000 0.381818 0.248077 0.636364
0.500000 0.454545 0.387620 0.727273 0.500000 0.381818 0.248077 0.636364 0.531250 0.254545 0.100481 0.545455
0.500000 0.381818 0.248077 0.636364 0.531250 0.254545 0.100481 0.545455 0.531250 0.272727 0.114423 0.500000
0.531250 0.254545 0.100481 0.545455 0.531250 0.272727 0.114423 0.500000 0.531250 0.272727 0.110937 0.545455
0.531250 0.272727 0.114423 0.500000 0.531250 0.272727 0.110937 0.545455 0.531250 0.272727 0.117668 0.545455
0.531250 0.272727 0.110937 0.545455 0.531250 0.272727 0.117668 0.545455 0.531250 0.290909 0.136058 0.590909
0.531250 0.272727 0.117668 0.545455 0.531250 0.290909 0.136058 0.590909 0.562500 0.290909 0.143389 0.590909
0.531250 0.290909 0.136058 0.590909 0.562500 0.290909 0.143389 0.590909 0.468750 0.490909 0.432452 0.772727
0.562500 0.290909 0.143389 0.590909 0.468750 0.490909 0.432452 0.772727 0.468750 0.472727 0.399279 0.681818
0.468750 0.490909 0.432452 0.772727 0.468750 0.472727 0.399279 0.681818 0.468750 0.472727 0.388582 0.772727
0.468750 0.472727 0.399279 0.681818 0.468750 0.472727 0.388582 0.772727 0.468750 0.472727 0.390144 0.772727
0.468750 0.472727 0.388582 0.772727 0.468750 0.472727 0.390144 0.772727 0.468750 0.454545 0.384375 0.727273
0.468750 0.472727 0.390144 0.772727 0.468750 0.454545 0.384375 0.727273 0.500000 0.436364 0.386538 0.681818
0.468750 0.454545 0.384375 0.727273 0.500000 0.436364 0.386538 0.681818 0.500000 0.418182 0.342067 0.681818
0.500000 0.436364 0.386538 0.681818 0.500000 0.418182 0.342067 0.681818 0.500000 0.436364 0.376442 0.727273
0.500000 0.418182 0.342067 0.681818 0.500000 0.436364 0.376442 0.727273 0.468750 0.490909 0.408053 0.772727
0.500000 0.436364 0.376442 0.727273 0.468750 0.490909 0.408053 0.772727 0.437500 0.618182 0.510577 0.954545
0.468750 0.490909 0.408053 0.772727 0.437500 0.618182 0.510577 0.954545 0.437500 0.690909 0.570553 1.045455
0.437500 0.618182 0.510577 0.954545 0.437500 0.690909 0.570553 1.045455 0.406250 0.727273 0.595793 1.000000
0.437500 0.690909 0.570553 1.045455 0.406250 0.727273 0.595793 1.000000 0.406250 0.745455 0.609736 1.045455
0.406250 0.727273 0.595793 1.000000 0.406250 0.745455 0.609736 1.045455 0.437500 0.727273 0.611298 1.000000
0.406250 0.745455 0.609736 1.045455 0.437500 0.727273 0.611298 1.000000 0.468750 0.709091 0.599760 1.000000
0.437500 0.727273 0.611298 1.000000 0.468750 0.709091 0.599760 1.000000 0.468750 0.690909 0.562500 1.045455
0.468750 0.709091 0.599760 1.000000 0.468750 0.690909 0.562500 1.045455 0.437500 0.018182 0.000000 0.227273
0.468750 0.690909 0.562500 1.045455 0.437500 0.018182 0.000000 0.227273 0.437500 0.109091 0.000000 0.045455
0.437500 0.018182 0.000000 0.227273 0.437500 0.109091 0.000000 0.045455 0.625000 0.181818 0.013822 0.181818
0.437500 0.109091 0.000000 0.045455 0.625000 0.181818 0.013822 0.181818 0.687500 0.181818 0.017548 0.090909
0.625000 0.181818 0.013822 0.181818 0.687500 0.181818 0.017548 0.090909 0.656250 0.181818 0.000000 0.045455
0.687500 0.181818 0.017548 0.090909 0.656250 0.181818 0.000000 0.045455 0.687500 0.218182 0.033534 0.090909
0.656250 0.181818 0.000000 0.045455 0.687500 0.218182 0.033534 0.090909 0.625000 0.127273 0.000000 0.090909
0.687500 0.218182 0.033534 0.090909 0.625000 0.127273 0.000000 0.090909 0.937500 0.036364 0.022716 0.000000
0.625000 0.127273 0.000000 0.090909 0.937500 0.036364 0.022716 0.000000 0.875000 -0.036364 0.000000 0.090909
0.937500 0.036364 0.022716 0.000000 0.875000 -0.036364 0.000000 0.090909 0.781250 0.000000 0.000000 0.136364
0.875000 -0.036364 0.000000 0.090909 0.781250 0.000000 0.000000 0.136364 0.593750 0.072727 0.000000 0.227273
0.781250 0.000000 0.000000 0.136364 0.593750 0.072727 0.000000 0.227273 0.625000 0.109091 0.000000 0.363636
0.593750 0.072727 0.000000 0.227273 0.625000 0.109091 0.000000 0.363636 0.625000 0.109091 0.000000 0.318182
0.625000 0.109091 0.000000 0.363636 0.625000 0.109091 0.000000 0.318182 0.625000 0.109091 0.000000 0.318182
0.625000 0.109091 0.000000 0.318182 0.625000 0.109091 0.000000 0.318182 0.656250 0.109091 0.000000 0.318182
0.625000 0.109091 0.000000 0.318182 0.656250 0.109091 0.000000 0.318182 0.625000 0.109091 0.000000 0.318182
0.656250 0.109091 0.000000 0.318182 0.625000 0.109091 0.000000 0.318182 0.625000 0.109091 0.000000 0.363636
0.625000 0.109091 0.000000 0.318182 0.625000 0.109091 0.000000 0.363636 0.625000 0.109091 0.000000 0.318182
0.625000 0.109091 0.000000 0.363636 0.625000 0.109091 0.000000 0.318182 0.625000 0.127273 0.000000 0.363636
0.625000 0.109091 0.000000 0.318182 0.625000 0.127273 0.000000 0.363636 0.625000 0.109091 0.000000 0.363636
0.625000 0.127273 0.000000 0.363636 0.625000 0.109091 0.000000 0.363636 0.406250 0.072727 0.000000 0.090909
0.625000 0.109091 0.000000 0.363636 0.406250 0.072727 0.000000 0.090909 0.468750 0.000000 0.000000 0.000000
0.406250 0.072727 0.000000 0.090909 0.468750 0.000000 0.000000 0.000000 0.500000 0.018182 0.000000 0.000000
0.468750 0.000000 0.000000 0.000000 0.500000 0.018182 0.000000 0.000000 0.500000 0.000000 0.000000 0.000000
0.500000 0.018182 0.000000 0.000000 0.500000 0.000000 0.000000 0.000000 0.500000 -0.018182 0.000000 -0.045455
0.500000 0.000000 0.000000 0.000000 0.500000 -0.018182 0.000000 -0.045455 0.500000 0.000000 0.000000 -0.045455
0.500000 -0.018182 0.000000 -0.045455 0.500000 0.000000 0.000000 -0.045455 0.531250 0.000000 0.000000 -0.045455
0.500000 0.000000 0.000000 -0.045455 0.531250 0.000000 0.000000 -0.045455 0.562500 0.018182 0.000000 -0.045455
0.531250 0.000000 0.000000 -0.045455 0.562500 0.018182 0.000000 -0.045455 0.531250 0.018182 0.000000 0.000000
0.562500 0.018182 0.000000 -0.045455 0.531250 0.018182 0.000000 0.000000 0.500000 0.145455 0.000000 0.181818
0.531250 0.018182 0.000000 0.000000 0.500000 0.145455 0.000000 0.181818 0.562500 0.472727 0.412861 0.727273
0.500000 0.145455 0.000000 0.181818 0.562500 0.472727 0.412861 0.727273 0.562500 0.672727 0.621755 0.818182
0.562500 0.472727 0.412861 0.727273 0.562500 0.672727 0.621755 0.818182 0.531250 0.745455 0.668149 0.954545
0.562500 0.672727 0.621755 0.818182 0.531250 0.745455 0.668149 0.954545 0.562500 0.727273 0.670913 0.727273
0.531250 0.745455 0.668149 0.954545 0.562500 0.727273 0.670913 0.727273 0.562500 0.709091 0.648197 0.863636
0.562500 0.727273 0.670913 0.727273 0.562500 0.709091 0.648197 0.863636 0.562500 0.709091 0.665865 0.681818
0.562500 0.709091 0.648197 0.863636 0.562500 0.709091 0.665865 0.681818 0.562500 0.709091 0.656731 0.727273
0.562500 0.709091 0.665865 0.681818 0.562500 0.709091 0.656731 0.727273 0.562500 0.709091 0.659135 0.727273
0.562500 0.709091 0.656731 0.727273 0.562500 0.709091 0.659135 0.727273 0.562500 0.709091 0.694231 0.818182
0.562500 0.709091 0.659135 0.727273 0.562500 0.709091 0.694231 0.818182 0.562500 0.709091 0.639423 0.727273
0.562500 0.709091 0.694231 0.818182 0.562500 0.709091 0.639423 0.727273 0.562500 0.709091 0.655288 0.772727
0.562500 0.709091 0.639423 0.727273 0.562500 0.709091 0.655288 0.772727 0.593750 0.690909 0.646635 0.954545
0.562500 0.709091 0.655288 0.772727 0.593750 0.690909 0.646635 0.954545 0.593750 0.690909 0.655769 0.772727
0.593750 0.690909 0.646635 0.954545 0.593750 0.690909 0.655769 0.772727 0.562500 0.709091 0.662139 0.772727
0.593750 0.690909 0.655769 0.772727 0.562500 0.709091 0.662139 0.772727 0.531250 0.709091 0.643630 0.954545
0.562500 0.709091 0.662139 0.772727 0.531250 0.709091 0.643630 0.954545 0.531250 0.709091 0.642548 0.772727
0.531250 0.709091 0.643630 0.954545 0.531250 0.709091 0.642548 0.772727 0.531250 0.709091 0.634014 0.863636
0.531250 0.709091 0.642548 0.772727 0.531250 0.709091 0.634014 0.863636 0.531250 0.727273 0.684135 0.954545
0.531250 0.709091 0.634014 0.863636 0.531250 0.727273 0.684135 0.954545 0.500000 0.727273 0.652284 0.772727
0.531250 0.727273 0.684135 0.954545 0.500000 0.727273 0.652284 0.772727 0.500000 0.745455 0.666346 0.772727
0.500000 0.727273 0.652284 0.772727 0.500000 0.745455 0.666346 0.772727 0.531250 0.745455 0.699399 0.954545
0.500000 0.745455 0.666346 0.772727 0.531250 0.745455 0.699399 0.954545 0.531250 0.745455 0.744832 1.045455
0.531250 0.745455 0.699399 0.954545 0.531250 0.745455 0.744832 1.045455 0.531250 0.727273 0.668510 1.045455
0.531250 0.745455 0.744832 1.045455 0.531250 0.727273 0.668510 1.045455 0.531250 0.745455 0.725601 1.045455
0.531250 0.727273 0.668510 1.045455 0.531250 0.745455 0.725601 1.045455 0.500000 0.745455 0.653606 0.954545
0.531250 0.745455 0.725601 1.045455 0.500000 0.745455 0.653606 0.954545 0.500000 0.745455 0.686418 1.000000
0.500000 0.745455 0.653606 0.954545 0.500000 0.745455 0.686418 1.000000 0.500000 0.745455 0.664904 0.954545
0.500000 0.745455 0.686418 1.000000 0.500000 0.745455 0.664904 0.954545 0.500000 0.781818 0.723437 0.636364
0.500000 0.745455 0.664904 0.954545 0.500000 0.781818 0.723437 0.636364 0.500000 0.781818 0.701803 1.045455
0.500000 0.781818 0.723437 0.636364 0.500000 0.781818 0.701803 1.045455 0.500000 0.781818 0.684615 1.090909
0.500000 0.781818 0.701803 1.045455 0.500000 0.781818 0.684615 1.090909 0.500000 0.781818 0.705889 0.636364
0.500000 0.781818 0.684615 1.090909 0.500000 0.781818 0.705889 0.636364 0.500000 0.781818 0.682332 1.090909
0.500000 0.781818 0.705889 0.636364 0.500000 0.781818 0.682332 1.090909 0.500000 0.781818 0.704447 1.000000
0.500000 0.781818 0.682332 1.090909 0.500000 0.781818 0.704447 1.000000 0.500000 0.781818 0.705288 0.909091
0.500000 0.781818 0.704447 1.000000 0.500000 0.781818 0.705288 0.909091 0.500000 0.800000 0.710817 0.909091
0.500000 0.781818 0.705288 0.909091 0.500000 0.800000 0.710817 0.909091 0.500000 0.800000 0.753966 1.090909
0.500000 0.800000 0.710817 0.909091 0.500000 0.800000 0.753966 1.090909 0.500000 0.800000 0.719231 0.727273
0.500000 0.800000 0.753966 1.090909 0.500000 0.800000 0.719231 0.727273 0.500000 0.781818 0.687740 1.090909
0.500000 0.800000 0.719231 0.727273 0.500000 0.781818 0.687740 1.090909 0.500000 0.781818 0.759615 1.090909
0.500000 0.781818 0.687740 1.090909 0.500000 0.781818 0.759615 1.090909 0.468750 0.818182 0.712380 1.090909
0.500000 0.781818 0.759615 1.090909 0.468750 0.818182 0.712380 1.090909 0.468750 0.836364 0.745553 0.636364
0.468750 0.818182 0.712380 1.090909 0.468750 0.836364 0.745553 0.636364 0.406250 0.872727 0.770553 0.454545
0.468750 0.836364 0.745553 0.636364 0.406250 0.872727 0.770553 0.454545 0.375000 0.890909 0.778005 0.454545
0.406250 0.872727 0.770553 0.454545 0.375000 0.890909 0.778005 0.454545 0.375000 0.872727 0.761538 0.454545
0.375000 0.890909 0.778005 0.454545 0.375000 0.872727 0.761538 0.454545 0.406250 0.854545 0.752764 0.545455
0.375000 0.872727 0.761538 0.454545 0.406250 0.854545 0.752764 0.545455 0.500000 0.836364 0.733053 1.000000
0.406250 0.854545 0.752764 0.545455 0.500000 0.836364 0.733053 1.000000 0.500000 0.800000 0.704087 1.136364
0.500000 0.836364 0.733053 1.000000 0.500000 0.800000 0.704087 1.136364 0.500000 0.763636 0.684856 1.000000
0.500000 0.800000 0.704087 1.136364 0.500000 0.763636 0.684856 1.000000 0.531250 0.781818 0.692788 1.136364
0.500000 0.763636 0.684856 1.000000 0.531250 0.781818 0.692788 1.136364 0.500000 0.781818 0.683053 1.090909
0.531250 0.781818 0.692788 1.136364 0.500000 0.781818 0.683053 1.090909 0.500000 0.800000 0.731370 1.090909
0.500000 0.781818 0.683053 1.090909 0.500000 0.800000 0.731370 1.090909 0.500000 0.781818 0.676082 1.045455
0.500000 0.800000 0.731370 1.090909 0.500000 0.781818 0.676082 1.045455 0.531250 0.763636 0.680769 1.136364
0.500000 0.781818 0.676082 1.045455 0.531250 0.763636 0.680769 1.136364 0.500000 0.745455 0.653846 1.000000
0.531250 0.763636 0.680769 1.136364 0.500000 0.745455 0.653846 1.000000 0.500000 0.763636 0.668149 0.954545
0.500000 0.745455 0.653846 1.000000 0.500000 0.763636 0.668149 0.954545 0.500000 0.763636 0.665264 1.090909
0.500000 0.763636 0.668149 0.954545 0.500000 0.763636 0.665264 1.090909 0.500000 0.800000 0.700721 1.045455
0.500000 0.763636 0.665264 1.090909 0.500000 0.800000 0.700721 1.045455 0.562500 0.618182 0.716346 0.590909
0.500000 0.800000 0.700721 1.045455 0.562500 0.618182 0.716346 0.590909 0.593750 0.127273 0.000000 0.363636
0.562500 0.618182 0.716346 0.590909 0.593750 0.127273 0.000000 0.363636 0.593750 0.127273 0.000000 0.272727
0.593750 0.127273 0.000000 0.363636 0.593750 0.127273 0.000000 0.272727 0.625000 0.109091 0.000000 0.227273
0.593750 0.127273 0.000000 0.272727 0.625000 0.109091 0.000000 0.227273 0.593750 0.109091 0.000000 0.272727
0.625000 0.109091 0.000000 0.227273 0.593750 0.109091 0.000000 0.272727 0.625000 0.090909 0.000000 0.272727
0.593750 0.109091 0.000000 0.272727 0.625000 0.090909 0.000000 0.272727 0.656250 0.090909 0.000000 0.272727
0.625000 0.090909 0.000000 0.272727 0.656250 0.090909 0.000000 0.272727 0.656250 0.090909 0.000000 0.272727
0.656250 0.090909 0.000000 0.272727 0.656250 0.090909 0.000000 0.272727 0.656250 0.090909 0.000000 0.272727
0.656250 0.090909 0.000000 0.272727 0.656250 0.090909 0.000000 0.272727 0.500000 0.272727 0.020433 0.454545
0.656250 0.090909 0.000000 0.272727 0.500000 0.272727 0.020433 0.454545 0.500000 0.472727 0.438221 0.636364
0.500000 0.272727 0.020433 0.454545 0.500000 0.472727 0.438221 0.636364 0.500000 0.636364 0.558774 0.681818
0.500000 0.472727 0.438221 0.636364 0.500000 0.636364 0.558774 0.681818 0.500000 0.709091 0.625601 0.954545
0.500000 0.636364 0.558774 0.681818 0.500000 0.709091 0.625601 0.954545 0.468750 0.836364 0.727644 0.863636
0.500000 0.709091 0.625601 0.954545 0.468750 0.836364 0.727644 0.863636 0.468750 0.836364 0.729087 0.909091
0.468750 0.836364 0.727644 0.863636 0.468750 0.836364 0.729087 0.909091 0.500000 0.836364 0.736899 1.000000
0.468750 0.836364 0.729087 0.909091 0.500000 0.836364 0.736899 1.000000 0.500000 0.836364 0.746034 0.954545
0.500000 0.836364 0.736899 1.000000 0.500000 0.836364 0.746034 0.954545 0.500000 0.836364 0.727163 1.000000
0.500000 0.836364 0.746034 0.954545 0.500000 0.836364 0.727163 1.000000 0.500000 0.836364 0.724399 1.045455
0.500000 0.836364 0.727163 1.000000 0.500000 0.836364 0.724399 1.045455 0.500000 0.818182 0.706490 1.045455
0.500000 0.836364 0.724399 1.045455 0.500000 0.818182 0.706490 1.045455 0.468750 0.854545 0.732572 1.045455
0.500000 0.818182 0.706490 1.045455 0.468750 0.854545 0.732572 1.045455 0.406250 0.909091 0.790264 0.590909
0.468750 0.854545 0.732572 1.045455 0.406250 0.909091 0.790264 0.590909 0.375000 0.927273 0.789062 0.545455
0.406250 0.909091 0.790264 0.590909 0.375000 0.927273 0.789062 0.545455 0.375000 0.909091 0.784375 0.500000
0.375000 0.927273 0.789062 0.545455 0.375000 0.909091 0.784375 0.500000 0.375000 0.890909 0.763101 0.545455
0.375000 0.909091 0.784375 0.500000 0.375000 0.890909 0.763101 0.545455 0.375000 0.890909 0.760577 0.545455
0.375000 0.890909 0.763101 0.545455 0.375000 0.890909 0.760577 0.545455 0.375000 0.854545 0.730649 0.500000
0.375000 0.890909 0.760577 0.545455 0.375000 0.854545 0.730649 0.500000 0.375000 0.854545 0.731250 0.500000
0.375000 0.854545 0.730649 0.500000 0.375000 0.854545 0.731250 0.500000 0.406250 0.854545 0.748077 0.545455
0.375000 0.854545 0.731250 0.500000 0.406250 0.854545 0.748077 0.545455 0.375000 0.854545 0.738101 0.500000
0.406250 0.854545 0.748077 0.545455 0.375000 0.854545 0.738101 0.500000 0.375000 0.872727 0.748438 0.500000
0.375000 0.854545 0.738101 0.500000 0.375000 0.872727 0.748438 0.500000 0.375000 0.872727 0.750962 0.500000
0.375000 0.872727 0.748438 0.500000 0.375000 0.872727 0.750962 0.500000 0.343750 0.872727 0.738942 0.500000
0.375000 0.872727 0.750962 0.500000 0.343750 0.872727 0.738942 0.500000 0.343750 0.872727 0.741346 0.500000
0.343750 0.872727 0.738942 0.500000 0.343750 0.872727 0.741346 0.500000 0.343750 0.872727 0.735937 0.545455
0.343750 0.872727 0.741346 0.500000 0.343750 0.872727 0.735937 0.545455 0.343750 0.854545 0.730288 0.454545
0.343750 0.872727 0.735937 0.545455 0.343750 0.854545 0.730288 0.454545 0.343750 0.872727 0.745192 0.500000
0.343750 0.854545 0.730288 0.454545 0.343750 0.872727 0.745192 0.500000 0.343750 0.872727 0.737740 0.545455
0.343750 0.872727 0.745192 0.500000 0.343750 0.872727 0.737740 0.545455 0.343750 0.872727 0.747356 0.454545
0.343750 0.872727 0.737740 0.545455 0.343750 0.872727 0.747356 0.454545 0.343750 0.872727 0.744952 0.500000
0.343750 0.872727 0.747356 0.454545 0.343750 0.872727 0.744952 0.500000 0.375000 0.854545 0.742909 0.545455
0.343750 0.872727 0.744952 0.500000 0.375000 0.854545 0.742909 0.545455 0.375000 0.872727 0.752524 0.545455
0.375000 0.854545 0.742909 0.545455 0.375000 0.872727 0.752524 0.545455 0.343750 0.872727 0.736899 0.500000
0.375000 0.872727 0.752524 0.545455 0.343750 0.872727 0.736899 0.500000 0.343750 0.872727 0.743149 0.500000
0.343750 0.872727 0.736899 0.500000 0.343750 0.872727 0.743149 0.500000 0.343750 0.872727 0.749519 0.500000
0.343750 0.872727 0.743149 0.500000 0.343750 0.872727 0.749519 0.500000 0.375000 0.854545 0.745192 0.500000
0.343750 0.872727 0.749519 0.500000 0.375000 0.854545 0.745192 0.500000 0.375000 0.872727 0.756130 0.545455
0.375000 0.854545 0.745192 0.500000 0.375000 0.872727 0.756130 0.545455 0.437500 0.818182 0.687981 1.000000
0.375000 0.872727 0.756130 0.545455 0.437500 0.818182 0.687981 1.000000 0.468750 0.818182 0.701683 1.045455
0.437500 0.818182 0.687981 1.000000 0.468750 0.818182 0.701683 1.045455 0.500000 0.672727 0.719952 0.727273
0.468750 0.818182 0.701683 1.045455 0.500000 0.672727 0.719952 0.727273 0.593750 0.490909 0.458173 0.454545
0.500000 0.672727 0.719952 0.727273 0.593750 0.490909 0.458173 0.454545 0.593750 0.290909 0.115745 0.318182
0.593750 0.490909 0.458173 0.454545 0.593750 0.290909 0.115745 0.318182 0.593750 0.109091 0.000000 0.181818
0.593750 0.290909 0.115745 0.318182 0.593750 0.109091 0.000000 0.181818 0.656250 0.090909 0.000000 0.181818
0.593750 0.109091 0.000000 0.181818 0.656250 0.090909 0.000000 0.181818 0.656250 0.090909 0.000000 0.227273
0.656250 0.090909 0.000000 0.181818 0.656250 0.090909 0.000000 0.227273 0.656250 0.090909 0.000000 0.227273
0.656250 0.090909 0.000000 0.227273 0.656250 0.090909 0.000000 0.227273 0.625000 0.090909 0.000000 0.227273
0.656250 0.090909 0.000000 0.227273 0.625000 0.090909 0.000000 0.227273 0.625000 0.090909 0.000000 0.227273
0.625000 0.090909 0.000000 0.227273 0.625000 0.090909 0.000000 0.227273 0.625000 0.090909 0.000000 0.227273
0.625000 0.090909 0.000000 0.227273 0.625000 0.090909 0.000000 0.227273 0.562500 0.127273 0.000000 0.227273
0.625000 0.090909 0.000000 0.227273 0.562500 0.127273 0.000000 0.227273 0.500000 0.272727 0.031490 0.318182
0.562500 0.127273 0.000000 0.227273 0.500000 0.272727 0.031490 0.318182 0.593750 0.454545 0.426202 0.363636
0.500000 0.272727 0.031490 0.318182 0.593750 0.454545 0.426202 0.363636 0.718750 0.654545 0.671394 0.363636
0.593750 0.454545 0.426202 0.363636 0.718750 0.654545 0.671394 0.363636 0.656250 0.763636 0.736178 0.500000
0.718750 0.654545 0.671394 0.363636 0.656250 0.763636 0.736178 0.500000 0.656250 0.763636 0.736418 0.454545
0.656250 0.763636 0.736178 0.500000 0.656250 0.763636 0.736418 0.454545 0.687500 0.781818 0.762019 0.500000
0.656250 0.763636 0.736418 0.454545 0.687500 0.781818 0.762019 0.500000 0.687500 0.781818 0.775361 0.500000
0.687500 0.781818 0.762019 0.500000 0.687500 0.781818 0.775361 0.500000 0.656250 0.781818 0.763462 0.500000
0.687500 0.781818 0.775361 0.500000 0.656250 0.781818 0.763462 0.500000 0.656250 0.800000 0.771635 0.500000
0.656250 0.781818 0.763462 0.500000 0.656250 0.800000 0.771635 0.500000 0.687500 0.781818 0.768990 0.454545
0.656250 0.800000 0.771635 0.500000 0.687500 0.781818 0.768990 0.454545 0.656250 0.800000 0.804087 0.500000
0.687500 0.781818 0.768990 0.454545 0.656250 0.800000 0.804087 0.500000 0.656250 0.800000 0.780288 0.500000
0.656250 0.800000 0.804087 0.500000 0.656250 0.800000 0.780288 0.500000 0.687500 0.727273 0.816106 0.500000
0.656250 0.800000 0.780288 0.500000 0.687500 0.727273 0.816106 0.500000 0.656250 0.163636 0.120913 0.409091
0.687500 0.727273 0.816106 0.500000 0.656250 0.163636 0.120913 0.409091 0.625000 0.345455 0.224519 0.363636
0.656250 0.163636 0.120913 0.409091 0.625000 0.345455 0.224519 0.363636 0.625000 0.363636 0.325000 0.363636
0.625000 0.345455 0.224519 0.363636 0.625000 0.363636 0.325000 0.363636 0.687500 0.400000 0.389663 0.272727
0.625000 0.363636 0.325000 0.363636 0.687500 0.400000 0.389663 0.272727 0.687500 0.436364 0.431250 0.318182
0.687500 0.400000 0.389663 0.272727 0.687500 0.436364 0.431250 0.318182 0.687500 0.436364 0.437380 0.318182
0.687500 0.436364 0.431250 0.318182 0.687500 0.436364 0.437380 0.318182 0.687500 0.454545 0.459135 0.318182
0.687500 0.436364 0.437380 0.318182 0.687500 0.454545 0.459135 0.318182 0.687500 0.472727 0.473197 0.318182
0.687500 0.454545 0.459135 0.318182 0.687500 0.472727 0.473197 0.318182 0.656250 0.509091 0.499399 0.318182
0.687500 0.472727 0.473197 0.318182 0.656250 0.509091 0.499399 0.318182 0.656250 0.527273 0.526202 0.318182
0.656250 0.509091 0.499399 0.318182 0.656250 0.527273 0.526202 0.318182 0.656250 0.527273 0.540865 0.318182
0.656250 0.527273 0.526202 0.318182 0.656250 0.527273 0.540865 0.318182 0.656250 0.545455 0.532812 0.363636
0.656250 0.527273 0.540865 0.318182 0.656250 0.545455 0.532812 0.363636 0.656250 0.527273 0.520433 0.363636
0.656250 0.545455 0.532812 0.363636 0.656250 0.527273 0.520433 0.363636 0.656250 0.527273 0.522837 0.363636
0.656250 0.527273 0.520433 0.363636 0.656250 0.527273 0.522837 0.363636 0.656250 0.509091 0.500240 0.363636
0.656250 0.527273 0.522837 0.363636 0.656250 0.509091 0.500240 0.363636 0.656250 0.509091 0.504327 0.363636
0.656250 0.509091 0.500240 0.363636 0.656250 0.509091 0.504327 0.363636 0.656250 0.690909 0.680769 0.454545
0.656250 0.509091 0.504327 0.363636 0.656250 0.690909 0.680769 0.454545 0.656250 0.727273 0.713462 0.454545
0.656250 0.690909 0.680769 0.454545 0.656250 0.727273 0.713462 0.454545 0.687500 0.727273 0.749279 0.454545
0.656250 0.727273 0.713462 0.454545 0.687500 0.727273 0.749279 0.454545 0.656250 0.727273 0.718870 0.454545
0.687500 0.727273 0.749279 0.454545 0.656250 0.727273 0.718870 0.454545 0.625000 0.745455 0.722596 0.500000
0.656250 0.727273 0.718870 0.454545 0.625000 0.745455 0.722596 0.500000 0.625000 0.727273 0.708413 0.454545
0.625000 0.745455 0.722596 0.500000 0.625000 0.727273 0.708413 0.454545 0.625000 0.727273 0.703966 0.500000
0.625000 0.727273 0.708413 0.454545 0.625000 0.727273 0.703966 0.500000 0.687500 0.054545 0.061178 0.272727
0.625000 0.727273 0.703966 0.500000 0.687500 0.054545 0.061178 0.272727 0.750000 0.218182 0.106731 0.181818
0.687500 0.054545 0.061178 0.272727 0.750000 0.218182 0.106731 0.181818 0.718750 0.254545 0.111298 0.181818
0.750000 0.218182 0.106731 0.181818 0.718750 0.254545 0.111298 0.181818 0.750000 0.254545 0.118389 0.136364
0.718750 0.254545 0.111298 0.181818 0.750000 0.254545 0.118389 0.136364 0.750000 0.254545 0.152404 0.136364
0.750000 0.254545 0.118389 0.136364 0.750000 0.254545 0.152404 0.136364 0.750000 0.254545 0.131010 0.136364
0.750000 0.254545 0.152404 0.136364 0.750000 0.254545 0.131010 0.136364 0.750000 0.272727 0.158534 0.136364
0.750000 0.254545 0.131010 0.136364 0.750000 0.272727 0.158534 0.136364 0.750000 0.272727 0.144712 0.136364
0.750000 0.272727 0.158534 0.136364 0.750000 0.272727 0.144712 0.136364 0.750000 0.290909 0.221995 0.181818
0.750000 0.272727 0.144712 0.136364 0.750000 0.290909 0.221995 0.181818 0.687500 0.309091 0.167788 0.227273
0.750000 0.290909 0.221995 0.181818 0.687500 0.309091 0.167788 0.227273 0.687500 0.309091 0.177524 0.227273
0.687500 0.309091 0.167788 0.227273 0.687500 0.309091 0.177524 0.227273 0.687500 0.309091 0.177764 0.227273
0.687500 0.309091 0.177524 0.227273 0.687500 0.309091 0.177764 0.227273 0.687500 0.309091 0.176563 0.227273
0.687500 0.309091 0.177764 0.227273 0.687500 0.309091 0.176563 0.227273 0.718750 0.309091 0.225120 0.181818
0.687500 0.309091 0.176563 0.227273 0.718750 0.309091 0.225120 0.181818 0.687500 0.309091 0.262740 0.181818
0.718750 0.309091 0.225120 0.181818 0.687500 0.309091 0.262740 0.181818 0.687500 0.309091 0.226082 0.181818
0.687500 0.309091 0.262740 0.181818 0.687500 0.309091 0.226082 0.181818 0.687500 0.327273 0.223197 0.227273
0.687500 0.309091 0.226082 0.181818 0.687500 0.327273 0.223197 0.227273 0.687500 0.400000 0.378005 0.272727
0.687500 0.327273 0.223197 0.227273 0.687500 0.400000 0.378005 0.272727 0.656250 0.581818 0.608774 0.409091
0.687500 0.400000 0.378005 0.272727 0.656250 0.581818 0.608774 0.409091 0.656250 0.709091 0.703726 0.454545
0.656250 0.581818 0.608774 0.409091 0.656250 0.709091 0.703726 0.454545 0.625000 0.727273 0.699880 0.454545
0.656250 0.709091 0.703726 0.454545 0.625000 0.727273 0.699880 0.454545 0.625000 0.745455 0.712380 0.454545
0.625000 0.727273 0.699880 0.454545 0.625000 0.745455 0.712380 0.454545 0.656250 0.745455 0.727043 0.454545
0.625000 0.745455 0.712380 0.454545 0.656250 0.745455 0.727043 0.454545 0.625000 0.745455 0.713341 0.500000
0.656250 0.745455 0.727043 0.454545 0.625000 0.745455 0.713341 0.500000 0.625000 0.745455 0.719712 0.454545
0.625000 0.745455 0.713341 0.500000 0.625000 0.745455 0.719712 0.454545 0.656250 0.745455 0.733293 0.454545
0.625000 0.745455 0.719712 0.454545 0.656250 0.745455 0.733293 0.454545 0.625000 0.745455 0.723197 0.500000
0.656250 0.745455 0.733293 0.454545 0.625000 0.745455 0.723197 0.500000 0.625000 0.745455 0.712861 0.500000
0.625000 0.745455 0.723197 0.500000 0.625000 0.745455 0.712861 0.500000 0.656250 0.745455 0.728245 0.500000
0.625000 0.745455 0.712861 0.500000 0.656250 0.745455 0.728245 0.500000 0.625000 0.745455 0.722236 0.500000
0.656250 0.745455 0.728245 0.500000 0.625000 0.745455 0.722236 0.500000 0.625000 0.745455 0.719231 0.500000
0.625000 0.745455 0.722236 0.500000 0.625000 0.745455 0.719231 0.500000 0.625000 0.745455 0.712380 0.500000
0.625000 0.745455 0.719231 0.500000 0.625000 0.745455 0.712380 0.500000 0.625000 0.745455 0.715505 0.500000
0.625000 0.745455 0.712380 0.500000 0.625000 0.745455 0.715505 0.500000 0.625000 0.163636 0.087139 0.409091
0.625000 0.745455 0.715505 0.500000 0.625000 0.163636 0.087139 0.409091 0.656250 0.218182 0.062019 0.272727
0.625000 0.163636 0.087139 0.409091 0.656250 0.218182 0.062019 0.272727 0.656250 0.145455 0.000000 0.181818
0.656250 0.218182 0.062019 0.272727 0.656250 0.145455 0.000000 0.181818 0.656250 0.072727 0.000000 0.090909
0.656250 0.145455 0.000000 0.181818 0.656250 0.072727 0.000000 0.090909 0.687500 0.054545 0.000000 0.000000
0.656250 0.072727 0.000000 0.090909 0.687500 0.054545 0.000000 0.000000 0.656250 0.072727 0.000000 0.090909
0.687500 0.054545 0.000000 0.000000 0.656250 0.072727 0.000000 0.090909 0.656250 0.090909 0.000000 0.090909
0.656250 0.072727 0.000000 0.090909 0.656250 0.090909 0.000000 0.090909 0.625000 0.090909 0.000000 0.181818
0.656250 0.090909 0.000000 0.090909 0.625000 0.090909 0.000000 0.181818 0.656250 0.090909 0.000000 0.136364
0.625000 0.090909 0.000000 0.181818 0.656250 0.090909 0.000000 0.136364 0.656250 0.090909 0.000000 0.136364
0.656250 0.090909 0.000000 0.136364 0.656250 0.090909 0.000000 0.136364 0.625000 0.090909 0.000000 0.136364
0.656250 0.090909 0.000000 0.136364 0.625000 0.090909 0.000000 0.136364 0.625000 0.090909 0.000000 0.136364
0.625000 0.090909 0.000000 0.136364 0.625000 0.090909 0.000000 0.136364 0.656250 0.090909 0.000000 0.181818
0.625000 0.090909 0.000000 0.136364 0.656250 0.090909 0.000000 0.181818 0.656250 0.090909 0.000000 0.181818
0.656250 0.090909 0.000000 0.181818 0.656250 0.090909 0.000000 0.181818 0.625000 0.109091 0.000000 0.227273
0.656250 0.090909 0.000000 0.181818 0.625000 0.109091 0.000000 0.227273 0.593750 0.163636 0.000000 0.227273
0.625000 0.109091 0.000000 0.227273 0.593750 0.163636 0.000000 0.227273 0.593750 0.145455 0.000000 0.227273
0.593750 0.163636 0.000000 0.227273 0.593750 0.145455 0.000000 0.227273 0.625000 0.127273 0.000000 0.227273
0.593750 0.145455 0.000000 0.227273 0.625000 0.127273 0.000000 0.227273 0.625000 0.127273 0.000000 0.227273
0.625000 0.127273 0.000000 0.227273 0.625000 0.127273 0.000000 0.227273 0.625000 0.127273 0.000000 0.227273
0.625000 0.127273 0.000000 0.227273 0.625000 0.127273 0.000000 0.227273 0.625000 0.109091 0.000000 0.227273
0.625000 0.127273 0.000000 0.227273 0.625000 0.109091 0.000000 0.227273 0.625000 0.127273 0.000000 0.272727
0.625000 0.109091 0.000000 0.227273 0.625000 0.127273 0.000000 0.272727 0.593750 0.181818 0.017668 0.272727
0.625000 0.127273 0.000000 0.272727 0.593750 0.181818 0.017668 0.272727 0.531250 0.327273 0.195312 0.363636
0.593750 0.181818 0.017668 0.272727 0.531250 0.327273 0.195312 0.363636 0.562500 0.436364 0.389303 0.409091
0.531250 0.327273 0.195312 0.363636 0.562500 0.436364 0.389303 0.409091 0.562500 0.436364 0.400361 0.409091
0.562500 0.436364 0.389303 0.409091 0.562500 0.436364 0.400361 0.409091 0.562500 0.454545 0.403966 0.409091
0.562500 0.436364 0.400361 0.409091 0.562500 0.454545 0.403966 0.409091 0.593750 0.436364 0.413101 0.363636
0.562500 0.454545 0.403966 0.409091 0.593750 0.436364 0.413101 0.363636 0.593750 0.472727 0.452885 0.409091
0.593750 0.436364 0.413101 0.363636 0.593750 0.472727 0.452885 0.409091 0.562500 0.472727 0.445793 0.409091
0.593750 0.472727 0.452885 0.409091 0.562500 0.472727 0.445793 0.409091 0.593750 0.472727 0.446154 0.409091
0.562500 0.472727 0.445793 0.409091 0.593750 0.472727 0.446154 0.409091 0.562500 0.472727 0.436058 0.409091
0.593750 0.472727 0.446154 0.409091 0.562500 0.472727 0.436058 0.409091 0.593750 0.509091 0.466707 0.454545
0.562500 0.472727 0.436058 0.409091 0.593750 0.509091 0.466707 0.454545 0.562500 0.490909 0.467187 0.409091
0.593750 0.509091 0.466707 0.454545 0.562500 0.490909 0.467187 0.409091 0.562500 0.490909 0.460216 0.409091
0.562500 0.490909 0.467187 0.409091 0.562500 0.490909 0.460216 0.409091 0.593750 0.472727 0.457332 0.363636
0.562500 0.490909 0.460216 0.409091 0.593750 0.472727 0.457332 0.363636 0.593750 0.490909 0.464543 0.409091
0.593750 0.472727 0.457332 0.363636 0.593750 0.490909 0.464543 0.409091 0.593750 0.490909 0.479087 0.363636
0.593750 0.490909 0.464543 0.409091 0.593750 0.490909 0.479087 0.363636 0.593750 0.490909 0.465505 0.363636
0.593750 0.490909 0.479087 0.363636 0.593750 0.490909 0.465505 0.363636 0.593750 0.509091 0.477644 0.409091
0.593750 0.490909 0.465505 0.363636 0.593750 0.509091 0.477644 0.409091 0.593750 0.490909 0.459255 0.363636
0.593750 0.509091 0.477644 0.409091 0.593750 0.490909 0.459255 0.363636 0.593750 0.490909 0.470192 0.318182
0.593750 0.490909 0.459255 0.363636 0.593750 0.490909 0.470192 0.318182 0.625000 0.490909 0.476562 0.318182
0.593750 0.490909 0.470192 0.318182 0.625000 0.490909 0.476562 0.318182 0.656250 0.490909 0.487019 0.318182
0.625000 0.490909 0.476562 0.318182 0.656250 0.490909 0.487019 0.318182 0.625000 0.490909 0.476683 0.318182
0.656250 0.490909 0.487019 0.318182 0.625000 0.490909 0.476683 0.318182 0.656250 0.490909 0.479808 0.318182
0.625000 0.490909 0.476683 0.318182 0.656250 0.490909 0.479808 0.318182 0.656250 0.490909 0.489784 0.318182
0.656250 0.490909 0.479808 0.318182 0.656250 0.490909 0.489784 0.318182 0.625000 0.490909 0.485577 0.318182
0.656250 0.490909 0.489784 0.318182 0.625000 0.490909 0.485577 0.318182 0.625000 0.490909 0.483654 0.318182
0.625000 0.490909 0.485577 0.318182 0.625000 0.490909 0.483654 0.318182 0.625000 0.490909 0.482812 0.318182
0.625000 0.490909 0.483654 0.318182 0.625000 0.490909 0.482812 0.318182 0.625000 0.490909 0.487740 0.318182
0.625000 0.490909 0.482812 0.318182 0.625000 0.490909 0.487740 0.318182 0.656250 0.563636 0.539062 0.409091
0.625000 0.490909 0.487740 0.318182 0.656250 0.563636 0.539062 0.409091 0.625000 0.636364 0.613582 0.409091
0.656250 0.563636 0.539062 0.409091 0.625000 0.636364 0.613582 0.409091 0.656250 0.672727 0.655769 0.454545
0.625000 0.636364 0.613582 0.409091 0.656250 0.672727 0.655769 0.454545 0.625000 0.654545 0.631010 0.409091
0.656250 0.672727 0.655769 0.454545 0.625000 0.654545 0.631010 0.409091 0.625000 0.654545 0.634255 0.409091
0.625000 0.654545 0.631010 0.409091 0.625000 0.654545 0.634255 0.409091 0.656250 0.654545 0.646394 0.454545
0.625000 0.654545 0.634255 0.409091 0.656250 0.654545 0.646394 0.454545 0.625000 0.654545 0.633293 0.409091
0.656250 0.654545 0.646394 0.454545 0.625000 0.654545 0.633293 0.409091 0.625000 0.654545 0.634495 0.409091
0.625000 0.654545 0.633293 0.409091 0.625000 0.654545 0.634495 0.409091 0.656250 0.545455 0.565986 0.409091
0.625000 0.654545 0.634495 0.409091 0.656250 0.545455 0.565986 0.409091 0.687500 0.363636 0.313341 0.318182
0.656250 0.545455 0.565986 0.409091 0.687500 0.363636 0.313341 0.318182 0.687500 0.272727 0.115385 0.227273
0.687500 0.363636 0.313341 0.318182 0.687500 0.272727 0.115385 0.227273 0.687500 0.272727 0.149760 0.227273
0.687500 0.272727 0.115385 0.227273 0.687500 0.272727 0.149760 0.227273 0.687500 0.272727 0.120312 0.227273
0.687500 0.272727 0.149760 0.227273 0.687500 0.272727 0.120312 0.227273 0.687500 0.272727 0.140024 0.227273
0.687500 0.272727 0.120312 0.227273 0.687500 0.272727 0.140024 0.227273 0.687500 0.254545 0.112139 0.181818
0.687500 0.272727 0.140024 0.227273 0.687500 0.254545 0.112139 0.181818 0.656250 0.254545 0.092188 0.181818
0.687500 0.254545 0.112139 0.181818 0.656250 0.254545 0.092188 0.181818 0.656250 0.272727 0.123197 0.181818
0.656250 0.254545 0.092188 0.181818 0.656250 0.272727 0.123197 0.181818 0.625000 0.454545 0.423558 0.318182
0.656250 0.272727 0.123197 0.181818 0.625000 0.454545 0.423558 0.318182 0.625000 0.545455 0.521995 0.363636
0.625000 0.454545 0.423558 0.318182 0.625000 0.545455 0.521995 0.363636 0.625000 0.545455 0.533413 0.363636
0.625000 0.545455 0.521995 0.363636 0.625000 0.545455 0.533413 0.363636 0.625000 0.563636 0.539543 0.409091
0.625000 0.545455 0.533413 0.363636 0.625000 0.563636 0.539543 0.409091 0.593750 0.600000 0.559135 0.409091
0.625000 0.563636 0.539543 0.409091 0.593750 0.600000 0.559135 0.409091 0.625000 0.600000 0.577043 0.409091
0.593750 0.600000 0.559135 0.409091 0.625000 0.600000 0.577043 0.409091 0.625000 0.600000 0.568510 0.454545
0.625000 0.600000 0.577043 0.409091 0.625000 0.600000 0.568510 0.454545 0.625000 0.618182 0.583173 0.409091
0.625000 0.600000 0.568510 0.454545 0.625000 0.618182 0.583173 0.409091 0.625000 0.600000 0.576923 0.454545
0.625000 0.618182 0.583173 0.409091 0.625000 0.600000 0.576923 0.454545 0.625000 0.600000 0.576202 0.409091
0.625000 0.600000 0.576923 0.454545 0.625000 0.600000 0.576202 0.409091 0.593750 0.618182 0.574880 0.454545
0.625000 0.600000 0.576202 0.409091 0.593750 0.618182 0.574880 0.454545 0.625000 0.563636 0.523798 0.409091
0.593750 0.618182 0.574880 0.454545 0.625000 0.563636 0.523798 0.409091 0.593750 -0.018182 0.000000 0.181818
0.625000 0.563636 0.523798 0.409091 0.593750 -0.018182 0.000000 0.181818 0.593750 0.109091 0.000000 0.136364
0.593750 -0.018182 0.000000 0.181818 0.593750 0.109091 0.000000 0.136364 0.656250 0.090909 0.000000 0.090909
0.593750 0.109091 0.000000 0.136364 0.656250 0.090909 0.000000 0.090909 0.656250 0.109091 0.000000 0.136364
0.656250 0.090909 0.000000 0.090909 0.656250 0.109091 0.000000 0.136364 0.625000 0.109091 0.000000 0.181818
0.656250 0.109091 0.000000 0.136364 0.625000 0.109091 0.000000 0.181818 0.625000 0.109091 0.000000 0.181818
0.625000 0.109091 0.000000 0.181818 0.625000 0.109091 0.000000 0.181818 0.656250 0.090909 0.000000 0.136364
0.625000 0.109091 0.000000 0.181818 0.656250 0.090909 0.000000 0.136364 0.656250 0.109091 0.000000 0.136364
0.656250 0.090909 0.000000 0.136364 0.656250 0.109091 0.000000 0.136364 0.625000 0.109091 0.000000 0.181818
0.656250 0.109091 0.000000 0.136364 0.625000 0.109091 0.000000 0.181818 0.625000 0.109091 0.000000 0.181818
0.625000 0.109091 0.000000 0.181818 0.625000 0.109091 0.000000 0.181818 0.625000 0.109091 0.000000 0.181818
0.625000 0.109091 0.000000 0.181818 0.625000 0.109091 0.000000 0.181818 0.625000 0.090909 0.000000 0.181818
0.625000 0.109091 0.000000 0.181818 0.625000 0.090909 0.000000 0.181818 0.656250 0.090909 0.000000 0.181818
0.625000 0.090909 0.000000 0.181818 0.656250 0.090909 0.000000 0.181818 0.656250 0.109091 0.000000 0.227273
0.656250 0.090909 0.000000 0.181818 0.656250 0.109091 0.000000 0.227273 0.625000 0.109091 0.000000 0.272727
0.656250 0.109091 0.000000 0.227273 0.625000 0.109091 0.000000 0.272727 0.656250 0.109091 0.000000 0.272727
0.625000 0.109091 0.000000 0.272727 0.656250 0.109091 0.000000 0.272727 0.625000 0.109091 0.000000 0.272727
0.656250 0.109091 0.000000 0.272727 0.625000 0.109091 0.000000 0.272727 0.625000 0.109091 0.000000 0.227273
0.625000 0.109091 0.000000 0.272727 0.625000 0.109091 0.000000 0.227273 0.625000 0.109091 0.000000 0.272727
0.625000 0.109091 0.000000 0.227273 0.625000 0.109091 0.000000 0.272727 0.625000 0.109091 0.000000 0.272727
0.625000 0.109091 0.000000 0.272727 0.625000 0.109091 0.000000 0.272727 0.625000 0.109091 0.000000 0.272727
0.625000 0.109091 0.000000 0.272727 0.625000 0.109091 0.000000 0.272727 0.625000 0.109091 0.000000 0.272727
0.625000 0.109091 0.000000 0.272727 0.625000 0.109091 0.000000 0.272727 0.656250 0.109091 0.000000 0.227273
0.625000 0.109091 0.000000 0.272727 0.656250 0.109091 0.000000 0.227273 0.656250 0.109091 0.000000 0.272727
0.656250 0.109091 0.000000 0.227273 0.656250 0.109091 0.000000 0.272727 0.593750 0.109091 0.000000 0.272727
0.656250 0.109091 0.000000 0.272727 0.593750 0.109091 0.000000 0.272727 0.593750 0.109091 0.000000 0.272727
0.593750 0.109091 0.000000 0.272727 0.593750 0.109091 0.000000 0.272727 0.593750 0.127273 0.000000 0.272727
0.593750 0.109091 0.000000 0.272727 0.593750 0.127273 0.000000 0.272727 0.656250 0.127273 0.000000 0.272727
0.593750 0.127273 0.000000 0.272727 0.656250 0.127273 0.000000 0.272727 -0.593750 -0.418182 0.000000 -0.272727
0.656250 0.127273 0.000000 0.272727 -0.593750 -0.418182 0.000000 -0.272727 -1.218750 -0.400000 0.000000 -0.272727
-0.593750 -0.418182 0.000000 -0.272727 -1.218750 -0.400000 0.000000 -0.272727 -1.375000 -0.400000 0.000000 -0.272727
-1.218750 -0.400000 0.000000 -0.272727 -1.375000 -0.400000 0.000000 -0.272727 -1.468750 -0.400000 0.000000 -0.272727
-1.375000 -0.400000 0.000000 -0.272727 -1.468750 -0.400000 0.000000 -0.272727 -1.375000 -0.400000 0.000000 -0.272727
